15,704.5,358.5,110.7
0001,557.5,410.5
0001,580.5,329.5
0001,555.5,314.5
0001,576.5,359.5
0001,863.5,354.5
0001,550.5,345.5
0001,859.5,323.5
0001,848.5,293.5
0001,568.5,434.5
0001,566.5,288.5
0001,831.5,338.5
0001,551.5,377.5
0001,577.5,388.5
0001,853.5,409.5
0001,860.5,379.5
0024,576.5,367.5
0024,638.5,218.5
0024,633.5,489.5
0024,587.5,407.5
0024,863.5,346.5
0024,558.5,405.5
0024,814.5,292.5
0024,567.5,284.5
0024,586.5,306.5
0024,786.5,247.5
0024,839.5,270.5
0024,560.5,340.5
0024,846.5,305.5
0024,603.5,443.5
0024,856.5,375.5
0137,816.5,439.5
0137,859.5,377.5
0137,774.5,215.5
0137,681.5,501.5
0137,621.5,230.5
0137,551.5,326.5
0137,737.5,205.5
0137,770.5,247.5
0137,830.5,392.5
0137,837.5,302.5
0137,650.5,213.5
0137,700.5,203.5
0137,809.5,283.5
0137,606.5,274.5
0137,849.5,410.5
0142,577.5,335.5
0142,736.5,231.5
0142,644.5,216.5
0142,859.5,385.5
0142,770.5,239.5
0142,617.5,230.5
0142,708.5,201.5
0142,832.5,368.5
0142,755.5,209.5
0142,847.5,296.5
0142,619.5,257.5
0142,807.5,279.5
0142,848.5,416.5
0142,859.5,354.5
0142,747.5,485.5
0182,559.5,392.5
0182,600.5,279.5
0182,585.5,308.5
0182,754.5,240.5
0182,829.5,260.5
0182,838.5,427.5
0182,706.5,202.5
0182,798.5,235.5
0182,862.5,359.5
0182,829.5,313.5
0182,719.5,228.5
0182,778.5,216.5
0182,832.5,355.5
0182,809.5,435.5
0182,813.5,287.5
0185,627.5,236.5
0185,832.5,263.5
0185,582.5,319.5
0185,837.5,441.5
0185,835.5,364.5
0185,809.5,240.5
0185,598.5,430.5
0185,701.5,207.5
0185,784.5,225.5
0185,860.5,358.5
0185,809.5,437.5
0185,750.5,227.5
0185,722.5,227.5
0185,815.5,288.5
0185,828.5,313.5
0194,860.5,378.5
0194,836.5,360.5
0194,810.5,450.5
0194,821.5,304.5
0194,840.5,436.5
0194,822.5,254.5
0194,571.5,324.5
0194,843.5,279.5
0194,562.5,294.5
0194,846.5,408.5
0194,664.5,212.5
0194,725.5,204.5
0194,603.5,468.5
0194,757.5,217.5
0194,710.5,228.5
0205,662.5,206.5
0205,859.5,380.5
0205,706.5,200.5
0205,676.5,496.5
0205,852.5,409.5
0205,832.5,266.5
0205,553.5,392.5
0205,832.5,357.5
0205,785.5,488.5
0205,839.5,436.5
0205,572.5,274.5
0205,831.5,311.5
0205,700.5,226.5
0205,768.5,214.5
0205,859.5,326.5
0254,839.5,276.5
0254,769.5,245.5
0254,557.5,403.5
0254,829.5,452.5
0254,791.5,227.5
0254,580.5,316.5
0254,860.5,377.5
0254,765.5,214.5
0254,613.5,231.5
0254,846.5,417.5
0254,567.5,289.5
0254,739.5,482.5
0254,798.5,446.5
0254,728.5,227.5
0254,805.5,259.5
0264,560.5,296.5
0264,590.5,304.5
0264,759.5,482.5
0264,808.5,233.5
0264,555.5,398.5
0264,855.5,398.5
0264,783.5,255.5
0264,827.5,260.5
0264,837.5,441.5
0264,596.5,248.5
0264,794.5,469.5
0264,737.5,203.5
0264,777.5,219.5
0264,818.5,417.5
0264,817.5,287.5
0271,559.5,410.5
0271,781.5,252.5
0271,803.5,442.5
0271,824.5,403.5
0271,831.5,447.5
0271,834.5,265.5
0271,856.5,400.5
0271,568.5,310.5
0271,700.5,205.5
0271,807.5,274.5
0271,591.5,298.5
0271,809.5,237.5
0271,577.5,268.5
0271,782.5,220.5
0271,776.5,463.5
0277,772.5,247.5
0277,790.5,466.5
0277,708.5,204.5
0277,561.5,415.5
0277,801.5,274.5
0277,588.5,303.5
0277,830.5,264.5
0277,833.5,446.5
0277,828.5,408.5
0277,810.5,241.5
0277,762.5,474.5
0277,769.5,214.5
0277,559.5,304.5
0277,602.5,277.5
0277,860.5,358.5
0306,832.5,450.5
0306,674.5,509.5
0306,591.5,299.5
0306,827.5,317.5
0306,779.5,465.5
0306,676.5,228.5
0306,845.5,284.5
0306,800.5,233.5
0306,815.5,286.5
0306,838.5,355.5
0306,562.5,295.5
0306,698.5,201.5
0306,758.5,224.5
0306,596.5,422.5
0306,616.5,265.5
0332,847.5,423.5
0332,587.5,304.5
0332,792.5,456.5
0332,607.5,477.5
0332,773.5,244.5
0332,698.5,226.5
0332,668.5,211.5
0332,860.5,342.5
0332,763.5,213.5
0332,831.5,264.5
0332,758.5,500.5
0332,556.5,318.5
0332,720.5,200.5
0332,604.5,273.5
0332,823.5,308.5
0397,699.5,227.5
0397,807.5,281.5
0397,842.5,293.5
0397,673.5,230.5
0397,819.5,253.5
0397,858.5,320.5
0397,767.5,233.5
0397,631.5,221.5
0397,615.5,254.5
0397,798.5,231.5
0397,716.5,200.5
0397,821.5,449.5
0397,683.5,203.5
0397,732.5,230.5
0397,559.5,303.5
0401,642.5,215.5
0401,723.5,201.5
0401,826.5,452.5
0401,732.5,231.5
0401,763.5,213.5
0401,849.5,296.5
0401,599.5,253.5
0401,698.5,226.5
0401,794.5,228.5
0401,561.5,297.5
0401,820.5,293.5
0401,679.5,205.5
0401,788.5,259.5
0401,824.5,256.5
0401,668.5,232.5
0475,854.5,398.5
0475,849.5,313.5
0475,820.5,294.5
0475,769.5,214.5
0475,670.5,203.5
0475,738.5,202.5
0475,835.5,271.5
0475,817.5,248.5
0475,788.5,230.5
0475,720.5,227.5
0475,626.5,222.5
0475,653.5,238.5
0475,689.5,230.5
0475,762.5,242.5
0475,705.5,199.5
0507,823.5,251.5
0507,769.5,243.5
0507,844.5,287.5
0507,689.5,199.5
0507,792.5,262.5
0507,860.5,324.5
0507,711.5,227.5
0507,796.5,232.5
0507,762.5,212.5
0507,729.5,200.5
0507,738.5,232.5
0507,681.5,228.5
0507,620.5,230.5
0507,596.5,250.5
0507,653.5,211.5
