15,703.5,359.5,127.3
0000,630.5,340.5
0000,811.5,378.5
0000,810.5,315.5
0000,589.5,387.5
0000,632.5,371.5
0000,777.5,339.5
0000,816.5,347.5
0000,658.5,355.5
0000,593.5,328.5
0000,750.5,358.5
0000,589.5,355.5
0000,805.5,413.5
0000,719.5,356.5
0000,688.5,356.5
0000,775.5,372.5
0001,593.5,325.5
0001,630.5,340.5
0001,802.5,409.5
0001,808.5,317.5
0001,590.5,354.5
0001,811.5,378.5
0001,633.5,372.5
0001,776.5,372.5
0001,594.5,387.5
0001,659.5,356.5
0001,813.5,350.5
0001,688.5,356.5
0001,749.5,356.5
0001,718.5,357.5
0001,777.5,339.5
0002,630.5,340.5
0002,811.5,378.5
0002,590.5,357.5
0002,688.5,357.5
0002,594.5,386.5
0002,803.5,409.5
0002,777.5,341.5
0002,631.5,372.5
0002,657.5,356.5
0002,749.5,355.5
0002,809.5,314.5
0002,815.5,349.5
0002,775.5,370.5
0002,719.5,357.5
0002,592.5,325.5
0005,811.5,378.5
0005,630.5,340.5
0005,804.5,411.5
0005,719.5,357.5
0005,632.5,373.5
0005,688.5,356.5
0005,777.5,370.5
0005,659.5,356.5
0005,815.5,350.5
0005,589.5,353.5
0005,778.5,339.5
0005,808.5,317.5
0005,749.5,358.5
0005,595.5,385.5
0005,593.5,323.5
0006,777.5,340.5
0006,811.5,378.5
0006,630.5,340.5
0006,808.5,410.5
0006,631.5,372.5
0006,658.5,355.5
0006,718.5,356.5
0006,593.5,326.5
0006,748.5,357.5
0006,589.5,355.5
0006,776.5,371.5
0006,809.5,316.5
0006,594.5,386.5
0006,688.5,356.5
0006,815.5,351.5
0007,593.5,325.5
0007,589.5,354.5
0007,811.5,378.5
0007,806.5,316.5
0007,815.5,348.5
0007,630.5,340.5
0007,721.5,356.5
0007,631.5,372.5
0007,807.5,408.5
0007,748.5,357.5
0007,776.5,339.5
0007,594.5,387.5
0007,776.5,371.5
0007,658.5,356.5
0007,686.5,357.5
0009,630.5,340.5
0009,811.5,378.5
0009,631.5,372.5
0009,659.5,356.5
0009,776.5,371.5
0009,590.5,324.5
0009,595.5,385.5
0009,815.5,348.5
0009,806.5,312.5
0009,805.5,407.5
0009,589.5,353.5
0009,687.5,357.5
0009,719.5,354.5
0009,776.5,341.5
0009,749.5,355.5
0012,630.5,340.5
0012,776.5,339.5
0012,815.5,348.5
0012,632.5,371.5
0012,659.5,356.5
0012,807.5,409.5
0012,777.5,370.5
0012,750.5,357.5
0012,719.5,354.5
0012,595.5,385.5
0012,809.5,315.5
0012,589.5,355.5
0012,592.5,325.5
0012,688.5,357.5
0012,812.5,378.5
0014,811.5,378.5
0014,659.5,355.5
0014,685.5,356.5
0014,816.5,351.5
0014,589.5,353.5
0014,718.5,356.5
0014,630.5,340.5
0014,778.5,342.5
0014,807.5,408.5
0014,748.5,356.5
0014,594.5,386.5
0014,594.5,326.5
0014,777.5,370.5
0014,632.5,373.5
0014,807.5,315.5
0015,630.5,340.5
0015,632.5,373.5
0015,802.5,408.5
0015,776.5,371.5
0015,590.5,355.5
0015,659.5,356.5
0015,685.5,356.5
0015,813.5,382.5
0015,778.5,339.5
0015,593.5,327.5
0015,808.5,314.5
0015,749.5,356.5
0015,591.5,387.5
0015,718.5,356.5
0015,814.5,349.5
0016,659.5,355.5
0016,811.5,378.5
0016,630.5,340.5
0016,808.5,316.5
0016,595.5,326.5
0016,802.5,410.5
0016,586.5,356.5
0016,631.5,372.5
0016,717.5,355.5
0016,747.5,357.5
0016,775.5,371.5
0016,780.5,342.5
0016,691.5,359.5
0016,595.5,386.5
0016,815.5,352.5
0018,811.5,378.5
0018,632.5,371.5
0018,616.5,313.5
0018,591.5,352.5
0018,600.5,387.5
0018,783.5,343.5
0018,630.5,340.5
0018,815.5,345.5
0018,658.5,356.5
0018,749.5,356.5
0018,797.5,299.5
0018,721.5,356.5
0018,777.5,371.5
0018,687.5,356.5
0018,802.5,408.5
0019,811.5,378.5
0019,659.5,355.5
0019,812.5,330.5
0019,804.5,408.5
0019,800.5,298.5
0019,615.5,312.5
0019,717.5,355.5
0019,631.5,339.5
0019,632.5,373.5
0019,687.5,357.5
0019,596.5,382.5
0019,775.5,371.5
0019,593.5,343.5
0019,749.5,356.5
0019,782.5,341.5
0020,813.5,378.5
0020,630.5,340.5
0020,631.5,372.5
0020,593.5,332.5
0020,718.5,357.5
0020,808.5,321.5
0020,615.5,312.5
0020,805.5,406.5
0020,659.5,354.5
0020,775.5,375.5
0020,598.5,384.5
0020,749.5,358.5
0020,688.5,357.5
0020,792.5,346.5
0020,792.5,288.5
0021,630.5,340.5
0021,595.5,384.5
0021,802.5,410.5
0021,592.5,331.5
0021,632.5,373.5
0021,773.5,372.5
0021,617.5,313.5
0021,812.5,377.5
0021,659.5,356.5
0021,804.5,341.5
0021,786.5,281.5
0021,687.5,357.5
0021,719.5,360.5
0021,747.5,354.5
0021,801.5,316.5
0022,630.5,340.5
0022,778.5,365.5
0022,808.5,410.5
0022,589.5,371.5
0022,615.5,313.5
0022,658.5,354.5
0022,593.5,333.5
0022,813.5,344.5
0022,631.5,372.5
0022,716.5,366.5
0022,809.5,378.5
0022,778.5,272.5
0022,789.5,301.5
0022,688.5,355.5
0022,750.5,359.5
0023,630.5,340.5
0023,814.5,346.5
0023,615.5,313.5
0023,632.5,373.5
0023,712.5,375.5
0023,592.5,332.5
0023,658.5,356.5
0023,780.5,354.5
0023,811.5,380.5
0023,789.5,289.5
0023,748.5,354.5
0023,591.5,371.5
0023,804.5,409.5
0023,685.5,357.5
0023,765.5,262.5
0024,791.5,286.5
0024,630.5,340.5
0024,634.5,373.5
0024,592.5,370.5
0024,657.5,355.5
0024,685.5,356.5
0024,707.5,379.5
0024,782.5,349.5
0024,617.5,313.5
0024,814.5,348.5
0024,811.5,377.5
0024,804.5,407.5
0024,591.5,333.5
0024,749.5,358.5
0024,758.5,267.5
0025,592.5,334.5
0025,706.5,382.5
0025,630.5,340.5
0025,748.5,357.5
0025,659.5,356.5
0025,810.5,378.5
0025,617.5,313.5
0025,632.5,370.5
0025,686.5,355.5
0025,800.5,403.5
0025,591.5,370.5
0025,756.5,275.5
0025,789.5,286.5
0025,777.5,342.5
0025,813.5,341.5
0026,630.5,340.5
0026,593.5,332.5
0026,792.5,393.5
0026,787.5,284.5
0026,811.5,376.5
0026,686.5,357.5
0026,617.5,313.5
0026,773.5,339.5
0026,706.5,381.5
0026,631.5,373.5
0026,748.5,358.5
0026,591.5,368.5
0026,658.5,361.5
0026,756.5,273.5
0026,812.5,331.5
0029,814.5,372.5
0029,659.5,365.5
0029,622.5,343.5
0029,714.5,297.5
0029,708.5,381.5
0029,593.5,333.5
0029,591.5,368.5
0029,630.5,375.5
0029,617.5,312.5
0029,782.5,386.5
0029,774.5,270.5
0029,687.5,355.5
0029,717.5,329.5
0029,804.5,309.5
0029,750.5,329.5
0032,640.5,367.5
0032,688.5,355.5
0032,653.5,337.5
0032,804.5,309.5
0032,592.5,334.5
0032,711.5,296.5
0032,708.5,380.5
0032,727.5,356.5
0032,813.5,376.5
0032,617.5,311.5
0032,621.5,342.5
0032,773.5,354.5
0032,720.5,328.5
0032,592.5,371.5
0032,775.5,275.5
0034,616.5,312.5
0034,811.5,377.5
0034,803.5,308.5
0034,621.5,343.5
0034,686.5,356.5
0034,643.5,306.5
0034,649.5,356.5
0034,691.5,317.5
0034,591.5,371.5
0034,707.5,380.5
0034,765.5,263.5
0034,762.5,346.5
0034,722.5,356.5
0034,593.5,333.5
0034,725.5,275.5
0036,645.5,349.5
0036,803.5,308.5
0036,707.5,382.5
0036,808.5,393.5
0036,663.5,381.5
0036,685.5,357.5
0036,666.5,325.5
0036,722.5,247.5
0036,764.5,347.5
0036,616.5,313.5
0036,761.5,259.5
0036,716.5,352.5
0036,593.5,333.5
0036,591.5,369.5
0036,643.5,306.5
0037,707.5,382.5
0037,645.5,349.5
0037,616.5,313.5
0037,643.5,305.5
0037,804.5,309.5
0037,683.5,356.5
0037,666.5,325.5
0037,713.5,350.5
0037,808.5,394.5
0037,762.5,260.5
0037,592.5,332.5
0037,661.5,388.5
0037,762.5,346.5
0037,592.5,373.5
0037,720.5,244.5
0038,715.5,376.5
0038,590.5,334.5
0038,647.5,351.5
0038,765.5,263.5
0038,642.5,305.5
0038,711.5,344.5
0038,718.5,243.5
0038,803.5,310.5
0038,617.5,311.5
0038,683.5,356.5
0038,807.5,392.5
0038,647.5,398.5
0038,666.5,323.5
0038,591.5,373.5
0038,748.5,337.5
0039,808.5,393.5
0039,731.5,381.5
0039,805.5,308.5
0039,702.5,337.5
0039,771.5,270.5
0039,722.5,318.5
0039,680.5,358.5
0039,716.5,246.5
0039,590.5,334.5
0039,663.5,323.5
0039,647.5,370.5
0039,616.5,312.5
0039,650.5,414.5
0039,642.5,306.5
0039,591.5,371.5
0040,592.5,370.5
0040,716.5,246.5
0040,643.5,305.5
0040,614.5,312.5
0040,642.5,384.5
0040,702.5,338.5
0040,594.5,333.5
0040,663.5,325.5
0040,659.5,420.5
0040,750.5,371.5
0040,773.5,269.5
0040,792.5,295.5
0040,679.5,359.5
0040,712.5,305.5
0040,806.5,395.5
0041,592.5,334.5
0041,643.5,384.5
0041,810.5,395.5
0041,702.5,337.5
0041,721.5,246.5
0041,681.5,358.5
0041,637.5,287.5
0041,591.5,371.5
0041,676.5,407.5
0041,617.5,312.5
0041,769.5,264.5
0041,667.5,325.5
0041,773.5,357.5
0041,792.5,285.5
0041,716.5,301.5
0043,629.5,268.5
0043,639.5,385.5
0043,810.5,392.5
0043,592.5,334.5
0043,790.5,287.5
0043,682.5,356.5
0043,701.5,336.5
0043,664.5,323.5
0043,709.5,302.5
0043,592.5,370.5
0043,702.5,246.5
0043,759.5,260.5
0043,616.5,311.5
0043,772.5,359.5
0043,690.5,409.5
0045,632.5,270.5
0045,705.5,407.5
0045,703.5,336.5
0045,631.5,365.5
0045,615.5,313.5
0045,664.5,324.5
0045,772.5,359.5
0045,590.5,369.5
0045,806.5,391.5
0045,689.5,262.5
0045,735.5,306.5
0045,790.5,287.5
0045,594.5,337.5
0045,681.5,357.5
0045,754.5,257.5
0046,760.5,309.5
0046,703.5,336.5
0046,638.5,359.5
0046,808.5,393.5
0046,705.5,409.5
0046,629.5,268.5
0046,664.5,322.5
0046,773.5,358.5
0046,747.5,253.5
0046,593.5,335.5
0046,615.5,313.5
0046,680.5,358.5
0046,592.5,371.5
0046,790.5,290.5
0046,595.5,308.5
0047,774.5,359.5
0047,703.5,336.5
0047,593.5,332.5
0047,783.5,318.5
0047,616.5,312.5
0047,629.5,267.5
0047,681.5,357.5
0047,705.5,409.5
0047,646.5,348.5
0047,792.5,290.5
0047,808.5,391.5
0047,708.5,304.5
0047,739.5,252.5
0047,592.5,370.5
0047,666.5,321.5
0048,646.5,344.5
0048,632.5,270.5
0048,702.5,336.5
0048,808.5,388.5
0048,592.5,334.5
0048,705.5,409.5
0048,665.5,317.5
0048,680.5,356.5
0048,803.5,316.5
0048,591.5,370.5
0048,616.5,311.5
0048,735.5,261.5
0048,772.5,360.5
0048,721.5,315.5
0048,794.5,281.5
0049,593.5,335.5
0049,632.5,270.5
0049,659.5,314.5
0049,615.5,313.5
0049,705.5,328.5
0049,737.5,326.5
0049,680.5,356.5
0049,808.5,395.5
0049,806.5,315.5
0049,592.5,370.5
0049,705.5,409.5
0049,790.5,290.5
0049,772.5,359.5
0049,654.5,344.5
0049,708.5,265.5
0050,708.5,329.5
0050,653.5,346.5
0050,682.5,356.5
0050,660.5,312.5
0050,745.5,313.5
0050,774.5,361.5
0050,634.5,269.5
0050,806.5,314.5
0050,704.5,407.5
0050,615.5,313.5
0050,808.5,393.5
0050,593.5,333.5
0050,788.5,288.5
0050,593.5,369.5
0050,686.5,268.5
0055,610.5,300.5
0055,640.5,264.5
0055,593.5,337.5
0055,796.5,314.5
0055,747.5,405.5
0055,641.5,313.5
0055,683.5,272.5
0055,681.5,357.5
0055,693.5,320.5
0055,663.5,331.5
0055,788.5,286.5
0055,812.5,382.5
0055,591.5,371.5
0055,705.5,409.5
0055,710.5,282.5
0056,747.5,405.5
0056,681.5,273.5
0056,616.5,298.5
0056,667.5,334.5
0056,705.5,409.5
0056,766.5,316.5
0056,645.5,309.5
0056,715.5,274.5
0056,591.5,335.5
0056,695.5,318.5
0056,811.5,377.5
0056,787.5,283.5
0056,592.5,371.5
0056,640.5,265.5
0056,682.5,358.5
0057,656.5,341.5
0057,747.5,405.5
0057,682.5,357.5
0057,592.5,333.5
0057,648.5,311.5
0057,811.5,363.5
0057,694.5,319.5
0057,726.5,275.5
0057,643.5,264.5
0057,788.5,284.5
0057,612.5,304.5
0057,705.5,409.5
0057,687.5,274.5
0057,592.5,370.5
0057,749.5,317.5
0058,649.5,352.5
0058,747.5,405.5
0058,591.5,329.5
0058,616.5,306.5
0058,809.5,354.5
0058,686.5,362.5
0058,656.5,318.5
0058,692.5,319.5
0058,644.5,261.5
0058,735.5,332.5
0058,786.5,285.5
0058,708.5,405.5
0058,692.5,259.5
0058,742.5,269.5
0058,591.5,370.5
0060,639.5,313.5
0060,628.5,271.5
0060,666.5,327.5
0060,747.5,405.5
0060,809.5,354.5
0060,723.5,364.5
0060,753.5,354.5
0060,695.5,319.5
0060,590.5,371.5
0060,592.5,340.5
0060,704.5,404.5
0060,787.5,283.5
0060,667.5,364.5
0060,685.5,263.5
0060,762.5,260.5
0061,763.5,261.5
0061,705.5,409.5
0061,593.5,372.5
0061,760.5,371.5
0061,729.5,370.5
0061,643.5,306.5
0061,789.5,285.5
0061,592.5,342.5
0061,675.5,368.5
0061,618.5,283.5
0061,669.5,335.5
0061,696.5,319.5
0061,752.5,404.5
0061,808.5,354.5
0061,678.5,268.5
0063,663.5,375.5
0063,676.5,346.5
0063,602.5,310.5
0063,634.5,289.5
0063,746.5,390.5
0063,697.5,318.5
0063,787.5,280.5
0063,815.5,348.5
0063,680.5,271.5
0063,763.5,261.5
0063,592.5,369.5
0063,765.5,416.5
0063,592.5,338.5
0063,700.5,409.5
0063,786.5,393.5
0065,612.5,315.5
0065,636.5,286.5
0065,764.5,414.5
0065,814.5,354.5
0065,592.5,340.5
0065,697.5,318.5
0065,704.5,384.5
0065,796.5,421.5
0065,752.5,386.5
0065,786.5,284.5
0065,674.5,376.5
0065,674.5,346.5
0065,767.5,263.5
0065,591.5,370.5
0065,674.5,273.5
0066,685.5,379.5
0066,796.5,420.5
0066,763.5,268.5
0066,765.5,417.5
0066,592.5,339.5
0066,720.5,380.5
0066,813.5,329.5
0066,674.5,271.5
0066,617.5,328.5
0066,787.5,283.5
0066,675.5,346.5
0066,593.5,371.5
0066,638.5,266.5
0066,695.5,318.5
0066,758.5,369.5
0067,795.5,421.5
0067,639.5,264.5
0067,765.5,417.5
0067,598.5,335.5
0067,690.5,382.5
0067,697.5,319.5
0067,808.5,318.5
0067,727.5,388.5
0067,788.5,285.5
0067,589.5,371.5
0067,626.5,342.5
0067,763.5,268.5
0067,676.5,345.5
0067,773.5,362.5
0067,673.5,271.5
0069,625.5,343.5
0069,787.5,281.5
0069,672.5,275.5
0069,598.5,323.5
0069,798.5,419.5
0069,676.5,345.5
0069,767.5,418.5
0069,597.5,369.5
0069,808.5,318.5
0069,756.5,390.5
0069,694.5,318.5
0069,764.5,268.5
0069,689.5,378.5
0069,804.5,366.5
0069,629.5,272.5
0075,795.5,422.5
0075,790.5,287.5
0075,639.5,382.5
0075,690.5,384.5
0075,762.5,271.5
0075,603.5,304.5
0075,647.5,259.5
0075,624.5,356.5
0075,785.5,371.5
0075,590.5,364.5
0075,768.5,419.5
0075,695.5,320.5
0075,807.5,319.5
0075,706.5,410.5
0075,675.5,344.5
0077,619.5,351.5
0077,796.5,421.5
0077,693.5,320.5
0077,785.5,372.5
0077,591.5,363.5
0077,603.5,302.5
0077,650.5,362.5
0077,722.5,383.5
0077,796.5,297.5
0077,765.5,418.5
0077,776.5,269.5
0077,643.5,261.5
0077,810.5,327.5
0077,705.5,410.5
0077,678.5,345.5
0078,798.5,295.5
0078,677.5,347.5
0078,606.5,311.5
0078,624.5,339.5
0078,725.5,389.5
0078,810.5,338.5
0078,802.5,410.5
0078,695.5,319.5
0078,765.5,419.5
0078,643.5,261.5
0078,649.5,358.5
0078,779.5,272.5
0078,707.5,410.5
0078,587.5,365.5
0078,764.5,381.5
0079,721.5,382.5
0079,645.5,262.5
0079,705.5,410.5
0079,588.5,363.5
0079,653.5,361.5
0079,639.5,333.5
0079,695.5,320.5
0079,678.5,345.5
0079,805.5,404.5
0079,812.5,334.5
0079,609.5,308.5
0079,801.5,304.5
0079,781.5,278.5
0079,767.5,419.5
0079,750.5,388.5
0081,634.5,329.5
0081,651.5,296.5
0081,779.5,274.5
0081,715.5,379.5
0081,677.5,344.5
0081,692.5,318.5
0081,704.5,411.5
0081,764.5,418.5
0081,591.5,366.5
0081,800.5,301.5
0081,646.5,262.5
0081,812.5,331.5
0081,805.5,404.5
0081,610.5,296.5
0081,739.5,399.5
0082,713.5,375.5
0082,800.5,305.5
0082,812.5,332.5
0082,658.5,287.5
0082,643.5,260.5
0082,678.5,345.5
0082,783.5,280.5
0082,587.5,367.5
0082,703.5,411.5
0082,612.5,289.5
0082,625.5,315.5
0082,694.5,320.5
0082,765.5,417.5
0082,805.5,404.5
0082,731.5,397.5
0083,707.5,367.5
0083,812.5,334.5
0083,632.5,311.5
0083,694.5,318.5
0083,644.5,261.5
0083,678.5,347.5
0083,805.5,404.5
0083,589.5,363.5
0083,705.5,410.5
0083,765.5,419.5
0083,611.5,289.5
0083,801.5,303.5
0083,724.5,391.5
0083,782.5,280.5
0083,660.5,292.5
0085,638.5,304.5
0085,591.5,365.5
0085,677.5,345.5
0085,765.5,419.5
0085,785.5,281.5
0085,664.5,287.5
0085,646.5,260.5
0085,812.5,380.5
0085,802.5,305.5
0085,615.5,288.5
0085,697.5,318.5
0085,702.5,366.5
0085,813.5,333.5
0085,699.5,410.5
0085,723.5,389.5
0087,640.5,297.5
0087,805.5,401.5
0087,610.5,295.5
0087,591.5,365.5
0087,795.5,302.5
0087,695.5,348.5
0087,765.5,419.5
0087,645.5,259.5
0087,811.5,333.5
0087,688.5,373.5
0087,694.5,318.5
0087,695.5,407.5
0087,723.5,388.5
0087,778.5,275.5
0087,668.5,282.5
0088,697.5,408.5
0088,643.5,259.5
0088,708.5,343.5
0088,774.5,280.5
0088,800.5,415.5
0088,590.5,364.5
0088,687.5,375.5
0088,695.5,319.5
0088,766.5,418.5
0088,639.5,296.5
0088,812.5,334.5
0088,608.5,296.5
0088,723.5,389.5
0088,790.5,307.5
0088,665.5,284.5
0090,695.5,318.5
0090,590.5,364.5
0090,690.5,375.5
0090,646.5,256.5
0090,795.5,420.5
0090,734.5,360.5
0090,813.5,334.5
0090,668.5,283.5
0090,685.5,404.5
0090,602.5,304.5
0090,776.5,310.5
0090,633.5,290.5
0090,773.5,280.5
0090,766.5,417.5
0090,723.5,390.5
0091,644.5,258.5
0091,800.5,417.5
0091,814.5,332.5
0091,690.5,372.5
0091,773.5,404.5
0091,696.5,317.5
0091,589.5,363.5
0091,681.5,405.5
0091,634.5,289.5
0091,746.5,367.5
0091,599.5,309.5
0091,777.5,279.5
0091,724.5,392.5
0091,672.5,278.5
0091,774.5,309.5
0092,786.5,388.5
0092,690.5,372.5
0092,773.5,309.5
0092,726.5,389.5
0092,595.5,321.5
0092,697.5,317.5
0092,813.5,334.5
0092,756.5,386.5
0092,633.5,287.5
0092,645.5,257.5
0092,687.5,402.5
0092,591.5,366.5
0092,800.5,413.5
0092,780.5,283.5
0092,678.5,267.5
0093,680.5,266.5
0093,684.5,371.5
0093,802.5,370.5
0093,586.5,366.5
0093,800.5,413.5
0093,687.5,318.5
0093,781.5,277.5
0093,653.5,256.5
0093,775.5,310.5
0093,753.5,388.5
0093,815.5,334.5
0093,695.5,403.5
0093,724.5,389.5
0093,593.5,323.5
0093,632.5,289.5
0095,686.5,317.5
0095,812.5,327.5
0095,591.5,363.5
0095,596.5,316.5
0095,775.5,270.5
0095,650.5,257.5
0095,800.5,415.5
0095,813.5,361.5
0095,662.5,344.5
0095,644.5,285.5
0095,755.5,389.5
0095,681.5,268.5
0095,771.5,299.5
0095,729.5,389.5
0095,695.5,369.5
0096,700.5,323.5
0096,778.5,272.5
0096,659.5,292.5
0096,815.5,356.5
0096,591.5,366.5
0096,658.5,337.5
0096,641.5,263.5
0096,801.5,414.5
0096,810.5,327.5
0096,759.5,299.5
0096,603.5,302.5
0096,754.5,390.5
0096,679.5,266.5
0096,696.5,368.5
0096,726.5,389.5
0097,803.5,414.5
0097,636.5,266.5
0097,811.5,326.5
0097,662.5,305.5
0097,613.5,289.5
0097,718.5,390.5
0097,590.5,364.5
0097,707.5,312.5
0097,775.5,269.5
0097,813.5,359.5
0097,664.5,337.5
0097,755.5,298.5
0097,755.5,389.5
0097,696.5,368.5
0097,680.5,265.5
0098,687.5,366.5
0098,663.5,308.5
0098,810.5,355.5
0098,620.5,276.5
0098,589.5,365.5
0098,727.5,322.5
0098,666.5,338.5
0098,758.5,296.5
0098,802.5,412.5
0098,811.5,326.5
0098,713.5,385.5
0098,648.5,262.5
0098,682.5,266.5
0098,780.5,277.5
0098,754.5,390.5
0101,665.5,333.5
0101,765.5,310.5
0101,809.5,317.5
0101,727.5,341.5
0101,607.5,297.5
0101,627.5,272.5
0101,757.5,391.5
0101,590.5,364.5
0101,689.5,273.5
0101,802.5,415.5
0101,659.5,250.5
0101,798.5,382.5
0101,710.5,378.5
0101,760.5,265.5
0101,687.5,357.5
0103,672.5,316.5
0103,700.5,305.5
0103,604.5,303.5
0103,807.5,310.5
0103,677.5,278.5
0103,768.5,426.5
0103,591.5,366.5
0103,775.5,395.5
0103,677.5,358.5
0103,628.5,270.5
0103,767.5,266.5
0103,801.5,415.5
0103,658.5,250.5
0103,746.5,317.5
0103,703.5,375.5
0104,627.5,270.5
0104,771.5,272.5
0104,803.5,310.5
0104,587.5,366.5
0104,604.5,303.5
0104,797.5,418.5
0104,734.5,320.5
0104,677.5,365.5
0104,673.5,319.5
0104,770.5,427.5
0104,702.5,377.5
0104,701.5,302.5
0104,658.5,251.5
0104,659.5,290.5
0104,777.5,397.5
0105,698.5,305.5
0105,776.5,396.5
0105,762.5,281.5
0105,627.5,270.5
0105,591.5,363.5
0105,674.5,364.5
0105,801.5,414.5
0105,703.5,375.5
0105,724.5,320.5
0105,673.5,326.5
0105,770.5,427.5
0105,786.5,311.5
0105,659.5,252.5
0105,636.5,306.5
0105,605.5,301.5
0107,763.5,281.5
0107,628.5,272.5
0107,659.5,252.5
0107,671.5,336.5
0107,672.5,366.5
0107,798.5,420.5
0107,699.5,375.5
0107,679.5,307.5
0107,607.5,294.5
0107,781.5,371.5
0107,724.5,324.5
0107,768.5,429.5
0107,588.5,366.5
0107,607.5,339.5
0107,765.5,321.5
0110,754.5,294.5
0110,802.5,318.5
0110,729.5,324.5
0110,788.5,431.5
0110,592.5,366.5
0110,672.5,336.5
0110,627.5,272.5
0110,678.5,307.5
0110,764.5,448.5
0110,660.5,252.5
0110,669.5,384.5
0110,764.5,322.5
0110,702.5,394.5
0110,608.5,294.5
0110,629.5,350.5
0111,672.5,338.5
0111,764.5,323.5
0111,678.5,307.5
0111,669.5,388.5
0111,733.5,318.5
0111,787.5,436.5
0111,657.5,251.5
0111,760.5,451.5
0111,589.5,366.5
0111,698.5,394.5
0111,626.5,356.5
0111,800.5,305.5
0111,626.5,273.5
0111,607.5,296.5
0111,752.5,295.5
0112,659.5,336.5
0112,625.5,272.5
0112,635.5,358.5
0112,800.5,303.5
0112,754.5,293.5
0112,591.5,364.5
0112,764.5,323.5
0112,607.5,293.5
0112,655.5,399.5
0112,788.5,432.5
0112,730.5,317.5
0112,659.5,253.5
0112,668.5,305.5
0112,710.5,399.5
0112,761.5,450.5
0113,646.5,302.5
0113,658.5,332.5
0113,790.5,433.5
0113,761.5,324.5
0113,761.5,450.5
0113,612.5,295.5
0113,659.5,250.5
0113,719.5,400.5
0113,752.5,294.5
0113,628.5,270.5
0113,802.5,306.5
0113,589.5,366.5
0113,654.5,402.5
0113,635.5,356.5
0113,732.5,315.5
0114,607.5,298.5
0114,630.5,269.5
0114,755.5,294.5
0114,719.5,399.5
0114,654.5,400.5
0114,731.5,314.5
0114,803.5,301.5
0114,592.5,365.5
0114,624.5,340.5
0114,761.5,450.5
0114,787.5,433.5
0114,667.5,249.5
0114,657.5,331.5
0114,639.5,300.5
0114,765.5,323.5
0115,764.5,324.5
0115,589.5,366.5
0115,657.5,331.5
0115,803.5,300.5
0115,608.5,295.5
0115,630.5,270.5
0115,639.5,301.5
0115,696.5,252.5
0115,761.5,451.5
0115,652.5,402.5
0115,728.5,296.5
0115,788.5,432.5
0115,721.5,400.5
0115,619.5,330.5
0115,760.5,295.5
0118,640.5,331.5
0118,785.5,434.5
0118,602.5,332.5
0118,607.5,299.5
0118,712.5,249.5
0118,640.5,302.5
0118,589.5,366.5
0118,729.5,283.5
0118,801.5,299.5
0118,753.5,296.5
0118,652.5,401.5
0118,760.5,451.5
0118,623.5,274.5
0118,765.5,323.5
0118,707.5,386.5
0122,633.5,329.5
0122,614.5,306.5
0122,712.5,249.5
0122,796.5,412.5
0122,763.5,325.5
0122,644.5,299.5
0122,793.5,316.5
0122,759.5,453.5
0122,652.5,403.5
0122,599.5,360.5
0122,593.5,328.5
0122,727.5,282.5
0122,757.5,292.5
0122,703.5,380.5
0122,623.5,280.5
0123,712.5,249.5
0123,628.5,326.5
0123,652.5,402.5
0123,592.5,328.5
0123,764.5,326.5
0123,688.5,360.5
0123,627.5,276.5
0123,643.5,299.5
0123,729.5,282.5
0123,609.5,299.5
0123,799.5,420.5
0123,759.5,453.5
0123,794.5,327.5
0123,592.5,355.5
0123,764.5,286.5
0124,778.5,290.5
0124,791.5,336.5
0124,638.5,268.5
0124,611.5,298.5
0124,644.5,298.5
0124,591.5,356.5
0124,627.5,324.5
0124,677.5,355.5
0124,594.5,326.5
0124,653.5,403.5
0124,801.5,410.5
0124,760.5,451.5
0124,763.5,326.5
0124,728.5,283.5
0124,711.5,251.5
0127,654.5,324.5
0127,712.5,249.5
0127,750.5,342.5
0127,809.5,392.5
0127,794.5,347.5
0127,591.5,351.5
0127,726.5,282.5
0127,638.5,266.5
0127,647.5,295.5
0127,805.5,311.5
0127,652.5,401.5
0127,611.5,297.5
0127,612.5,328.5
0127,676.5,354.5
0127,760.5,451.5
0130,629.5,311.5
0130,712.5,249.5
0130,759.5,455.5
0130,670.5,320.5
0130,789.5,361.5
0130,752.5,358.5
0130,803.5,401.5
0130,594.5,343.5
0130,652.5,402.5
0130,639.5,263.5
0130,793.5,301.5
0130,597.5,310.5
0130,676.5,355.5
0130,727.5,282.5
0130,651.5,290.5
0132,621.5,302.5
0132,662.5,285.5
0132,777.5,302.5
0132,596.5,319.5
0132,635.5,263.5
0132,590.5,351.5
0132,721.5,373.5
0132,676.5,354.5
0132,807.5,399.5
0132,759.5,452.5
0132,713.5,249.5
0132,790.5,360.5
0132,652.5,401.5
0132,679.5,311.5
0132,747.5,274.5
0133,718.5,368.5
0133,623.5,305.5
0133,790.5,362.5
0133,680.5,311.5
0133,797.5,300.5
0133,588.5,348.5
0133,639.5,265.5
0133,807.5,399.5
0133,763.5,453.5
0133,597.5,318.5
0133,676.5,354.5
0133,652.5,401.5
0133,713.5,249.5
0133,659.5,285.5
0133,745.5,275.5
0135,803.5,306.5
0135,718.5,367.5
0135,712.5,249.5
0135,619.5,302.5
0135,638.5,266.5
0135,592.5,351.5
0135,804.5,405.5
0135,675.5,353.5
0135,594.5,320.5
0135,785.5,432.5
0135,681.5,308.5
0135,653.5,289.5
0135,654.5,402.5
0135,745.5,277.5
0135,785.5,362.5
0136,712.5,249.5
0136,593.5,324.5
0136,636.5,262.5
0136,640.5,295.5
0136,718.5,368.5
0136,611.5,295.5
0136,808.5,394.5
0136,776.5,366.5
0136,781.5,426.5
0136,679.5,310.5
0136,590.5,354.5
0136,807.5,310.5
0136,652.5,401.5
0136,677.5,354.5
0136,744.5,275.5
0138,640.5,310.5
0138,718.5,368.5
0138,813.5,378.5
0138,595.5,323.5
0138,712.5,249.5
0138,744.5,277.5
0138,636.5,263.5
0138,774.5,369.5
0138,676.5,354.5
0138,611.5,293.5
0138,680.5,309.5
0138,589.5,355.5
0138,651.5,398.5
0138,749.5,416.5
0138,809.5,328.5
0141,718.5,368.5
0141,711.5,248.5
0141,817.5,374.5
0141,649.5,396.5
0141,643.5,316.5
0141,746.5,278.5
0141,640.5,265.5
0141,592.5,353.5
0141,787.5,354.5
0141,713.5,419.5
0141,814.5,342.5
0141,682.5,271.5
0141,623.5,291.5
0141,676.5,354.5
0141,594.5,323.5
0142,813.5,345.5
0142,592.5,353.5
0142,817.5,369.5
0142,712.5,249.5
0142,632.5,395.5
0142,677.5,355.5
0142,744.5,274.5
0142,633.5,291.5
0142,717.5,369.5
0142,788.5,354.5
0142,680.5,270.5
0142,594.5,323.5
0142,638.5,261.5
0142,658.5,324.5
0142,714.5,418.5
0143,712.5,249.5
0143,664.5,294.5
0143,630.5,393.5
0143,683.5,271.5
0143,718.5,368.5
0143,647.5,331.5
0143,817.5,371.5
0143,593.5,323.5
0143,638.5,264.5
0143,744.5,274.5
0143,789.5,356.5
0143,591.5,355.5
0143,676.5,354.5
0143,815.5,336.5
0143,714.5,418.5
0144,712.5,249.5
0144,808.5,322.5
0144,762.5,269.5
0144,593.5,324.5
0144,718.5,366.5
0144,631.5,393.5
0144,788.5,355.5
0144,637.5,266.5
0144,693.5,299.5
0144,639.5,333.5
0144,592.5,356.5
0144,676.5,355.5
0144,714.5,418.5
0144,814.5,371.5
0144,680.5,265.5
0145,712.5,249.5
0145,670.5,267.5
0145,590.5,326.5
0145,586.5,358.5
0145,638.5,335.5
0145,772.5,265.5
0145,714.5,368.5
0145,814.5,372.5
0145,789.5,356.5
0145,632.5,386.5
0145,809.5,322.5
0145,724.5,304.5
0145,675.5,350.5
0145,627.5,274.5
0145,714.5,418.5
0146,814.5,374.5
0146,618.5,381.5
0146,620.5,293.5
0146,787.5,358.5
0146,639.5,334.5
0146,765.5,263.5
0146,807.5,322.5
0146,711.5,250.5
0146,677.5,360.5
0146,715.5,367.5
0146,592.5,324.5
0146,591.5,356.5
0146,731.5,307.5
0146,673.5,267.5
0146,712.5,419.5
0147,712.5,249.5
0147,594.5,325.5
0147,678.5,261.5
0147,624.5,299.5
0147,636.5,334.5
0147,621.5,381.5
0147,719.5,374.5
0147,814.5,376.5
0147,770.5,264.5
0147,809.5,322.5
0147,782.5,356.5
0147,589.5,357.5
0147,731.5,306.5
0147,713.5,419.5
0147,675.5,362.5
0149,594.5,326.5
0149,712.5,249.5
0149,727.5,377.5
0149,652.5,258.5
0149,780.5,351.5
0149,616.5,309.5
0149,634.5,344.5
0149,700.5,349.5
0149,714.5,418.5
0149,612.5,380.5
0149,767.5,265.5
0149,812.5,380.5
0149,806.5,323.5
0149,591.5,357.5
0149,731.5,307.5
0150,712.5,249.5
0150,644.5,261.5
0150,613.5,302.5
0150,647.5,345.5
0150,593.5,328.5
0150,767.5,264.5
0150,810.5,385.5
0150,809.5,322.5
0150,588.5,360.5
0150,726.5,378.5
0150,780.5,356.5
0150,731.5,305.5
0150,611.5,381.5
0150,708.5,344.5
0150,715.5,421.5
0152,712.5,249.5
0152,611.5,379.5
0152,701.5,325.5
0152,642.5,345.5
0152,725.5,376.5
0152,794.5,396.5
0152,807.5,313.5
0152,603.5,305.5
0152,591.5,360.5
0152,644.5,261.5
0152,713.5,419.5
0152,731.5,306.5
0152,802.5,344.5
0152,593.5,332.5
0152,768.5,264.5
0154,712.5,249.5
0154,643.5,262.5
0154,802.5,344.5
0154,763.5,409.5
0154,593.5,329.5
0154,613.5,378.5
0154,590.5,362.5
0154,727.5,376.5
0154,605.5,299.5
0154,632.5,352.5
0154,733.5,304.5
0154,767.5,265.5
0154,711.5,417.5
0154,702.5,326.5
0154,794.5,300.5
0155,643.5,262.5
0155,594.5,331.5
0155,749.5,410.5
0155,711.5,417.5
0155,725.5,379.5
0155,803.5,346.5
0155,588.5,361.5
0155,611.5,381.5
0155,711.5,248.5
0155,611.5,291.5
0155,639.5,353.5
0155,766.5,263.5
0155,702.5,326.5
0155,781.5,290.5
0155,751.5,304.5
0156,621.5,281.5
0156,638.5,338.5
0156,591.5,363.5
0156,714.5,250.5
0156,727.5,377.5
0156,765.5,305.5
0156,802.5,344.5
0156,701.5,321.5
0156,639.5,262.5
0156,612.5,382.5
0156,711.5,417.5
0156,790.5,282.5
0156,592.5,330.5
0156,767.5,264.5
0156,744.5,401.5
0159,637.5,333.5
0159,646.5,258.5
0159,592.5,331.5
0159,737.5,249.5
0159,613.5,381.5
0159,778.5,292.5
0159,813.5,349.5
0159,620.5,280.5
0159,720.5,378.5
0159,695.5,277.5
0159,767.5,262.5
0159,591.5,363.5
0159,804.5,315.5
0159,745.5,401.5
0159,712.5,416.5
0160,637.5,333.5
0160,612.5,291.5
0160,649.5,259.5
0160,610.5,379.5
0160,813.5,374.5
0160,734.5,387.5
0160,765.5,265.5
0160,804.5,317.5
0160,711.5,417.5
0160,777.5,289.5
0160,708.5,371.5
0160,591.5,364.5
0160,696.5,277.5
0160,744.5,251.5
0160,592.5,334.5
0162,637.5,333.5
0162,587.5,364.5
0162,652.5,254.5
0162,591.5,330.5
0162,613.5,381.5
0162,803.5,304.5
0162,714.5,420.5
0162,694.5,275.5
0162,766.5,262.5
0162,607.5,297.5
0162,739.5,252.5
0162,759.5,290.5
0162,809.5,378.5
0162,732.5,379.5
0162,705.5,361.5
0164,646.5,259.5
0164,594.5,334.5
0164,739.5,250.5
0164,612.5,379.5
0164,764.5,263.5
0164,809.5,376.5
0164,588.5,363.5
0164,609.5,297.5
0164,790.5,284.5
0164,636.5,334.5
0164,732.5,376.5
0164,759.5,290.5
0164,693.5,276.5
0164,711.5,417.5
0164,704.5,362.5
0165,595.5,332.5
0165,768.5,261.5
0165,643.5,262.5
0165,759.5,291.5
0165,742.5,253.5
0165,614.5,379.5
0165,727.5,376.5
0165,787.5,285.5
0165,588.5,365.5
0165,607.5,297.5
0165,635.5,333.5
0165,703.5,357.5
0165,695.5,277.5
0165,713.5,419.5
0165,810.5,375.5
0167,637.5,333.5
0167,739.5,248.5
0167,759.5,290.5
0167,732.5,391.5
0167,810.5,378.5
0167,766.5,261.5
0167,643.5,262.5
0167,714.5,418.5
0167,608.5,297.5
0167,613.5,381.5
0167,589.5,359.5
0167,786.5,284.5
0167,714.5,342.5
0167,692.5,270.5
0167,598.5,321.5
0169,596.5,322.5
0169,637.5,333.5
0169,739.5,251.5
0169,764.5,262.5
0169,714.5,338.5
0169,740.5,409.5
0169,612.5,379.5
0169,650.5,259.5
0169,587.5,353.5
0169,711.5,421.5
0169,811.5,375.5
0169,606.5,297.5
0169,790.5,287.5
0169,760.5,288.5
0169,679.5,263.5
0170,605.5,297.5
0170,613.5,380.5
0170,678.5,263.5
0170,739.5,423.5
0170,597.5,319.5
0170,637.5,333.5
0170,710.5,420.5
0170,757.5,291.5
0170,645.5,260.5
0170,589.5,352.5
0170,739.5,251.5
0170,765.5,262.5
0170,811.5,375.5
0170,793.5,289.5
0170,715.5,340.5
0171,637.5,333.5
0171,813.5,374.5
0171,642.5,261.5
0171,597.5,321.5
0171,679.5,265.5
0171,606.5,395.5
0171,712.5,422.5
0171,714.5,338.5
0171,606.5,296.5
0171,766.5,263.5
0171,734.5,443.5
0171,739.5,250.5
0171,590.5,351.5
0171,746.5,296.5
0171,784.5,283.5
0174,637.5,333.5
0174,738.5,451.5
0174,645.5,259.5
0174,710.5,420.5
0174,590.5,350.5
0174,766.5,263.5
0174,620.5,296.5
0174,740.5,250.5
0174,812.5,375.5
0174,600.5,400.5
0174,680.5,262.5
0174,721.5,312.5
0174,713.5,344.5
0174,596.5,320.5
0174,806.5,318.5
0175,637.5,333.5
0175,717.5,310.5
0175,640.5,263.5
0175,592.5,349.5
0175,811.5,330.5
0175,766.5,265.5
0175,635.5,303.5
0175,600.5,398.5
0175,731.5,464.5
0175,737.5,249.5
0175,812.5,375.5
0175,714.5,345.5
0175,597.5,319.5
0175,711.5,421.5
0175,681.5,262.5
0177,653.5,291.5
0177,721.5,468.5
0177,763.5,261.5
0177,720.5,314.5
0177,811.5,377.5
0177,591.5,350.5
0177,636.5,267.5
0177,642.5,331.5
0177,595.5,320.5
0177,601.5,400.5
0177,712.5,345.5
0177,678.5,263.5
0177,811.5,339.5
0177,710.5,420.5
0177,742.5,249.5
0178,638.5,265.5
0178,726.5,318.5
0178,678.5,263.5
0178,712.5,345.5
0178,810.5,376.5
0178,597.5,318.5
0178,601.5,400.5
0178,766.5,263.5
0178,589.5,351.5
0178,656.5,290.5
0178,644.5,338.5
0178,716.5,470.5
0178,735.5,251.5
0178,710.5,420.5
0178,817.5,344.5
0180,810.5,384.5
0180,642.5,263.5
0180,745.5,311.5
0180,596.5,319.5
0180,716.5,471.5
0180,588.5,354.5
0180,619.5,336.5
0180,599.5,399.5
0180,712.5,347.5
0180,710.5,420.5
0180,655.5,290.5
0180,799.5,321.5
0180,763.5,264.5
0180,735.5,251.5
0180,682.5,262.5
0183,678.5,263.5
0183,737.5,250.5
0183,621.5,337.5
0183,657.5,290.5
0183,643.5,262.5
0183,596.5,317.5
0183,795.5,326.5
0183,598.5,400.5
0183,790.5,399.5
0183,759.5,346.5
0183,748.5,291.5
0183,719.5,468.5
0183,591.5,348.5
0183,710.5,420.5
0183,713.5,346.5
0185,720.5,468.5
0185,599.5,399.5
0185,654.5,290.5
0185,737.5,249.5
0185,590.5,349.5
0185,792.5,399.5
0185,679.5,264.5
0185,735.5,304.5
0185,794.5,333.5
0185,597.5,316.5
0185,710.5,420.5
0185,771.5,380.5
0185,642.5,261.5
0185,620.5,336.5
0185,718.5,331.5
0186,720.5,468.5
0186,712.5,423.5
0186,717.5,333.5
0186,656.5,291.5
0186,597.5,318.5
0186,766.5,384.5
0186,600.5,399.5
0186,739.5,250.5
0186,794.5,400.5
0186,731.5,307.5
0186,591.5,347.5
0186,621.5,334.5
0186,633.5,270.5
0186,679.5,264.5
0186,793.5,330.5
0187,621.5,337.5
0187,656.5,291.5
0187,597.5,318.5
0187,791.5,399.5
0187,628.5,279.5
0187,766.5,384.5
0187,736.5,249.5
0187,792.5,332.5
0187,707.5,410.5
0187,719.5,470.5
0187,591.5,348.5
0187,719.5,334.5
0187,598.5,401.5
0187,680.5,265.5
0187,707.5,291.5
0190,621.5,336.5
0190,730.5,467.5
0190,750.5,416.5
0190,693.5,313.5
0190,736.5,249.5
0190,599.5,400.5
0190,655.5,291.5
0190,591.5,346.5
0190,633.5,309.5
0190,746.5,388.5
0190,717.5,333.5
0190,791.5,400.5
0190,793.5,331.5
0190,679.5,263.5
0190,597.5,316.5
0194,760.5,305.5
0194,759.5,417.5
0194,744.5,462.5
0194,726.5,439.5
0194,793.5,401.5
0194,719.5,333.5
0194,791.5,365.5
0194,660.5,251.5
0194,596.5,317.5
0194,620.5,345.5
0194,630.5,309.5
0194,600.5,399.5
0194,654.5,289.5
0194,588.5,348.5
0194,737.5,249.5
0195,792.5,400.5
0195,736.5,249.5
0195,661.5,254.5
0195,719.5,333.5
0195,752.5,459.5
0195,624.5,299.5
0195,656.5,290.5
0195,759.5,417.5
0195,591.5,347.5
0195,598.5,316.5
0195,601.5,400.5
0195,719.5,454.5
0195,752.5,309.5
0195,803.5,368.5
0195,623.5,335.5
0196,737.5,250.5
0196,657.5,290.5
0196,619.5,335.5
0196,660.5,249.5
0196,588.5,347.5
0196,758.5,416.5
0196,600.5,399.5
0196,616.5,282.5
0196,802.5,373.5
0196,719.5,334.5
0196,752.5,460.5
0196,792.5,399.5
0196,743.5,313.5
0196,724.5,466.5
0196,601.5,314.5
0199,732.5,428.5
0199,621.5,280.5
0199,590.5,349.5
0199,814.5,372.5
0199,759.5,418.5
0199,756.5,458.5
0199,597.5,315.5
0199,719.5,334.5
0199,659.5,254.5
0199,617.5,341.5
0199,703.5,264.5
0199,791.5,400.5
0199,674.5,297.5
0199,598.5,401.5
0199,724.5,283.5
0200,660.5,254.5
0200,759.5,414.5
0200,694.5,297.5
0200,755.5,458.5
0200,620.5,340.5
0200,812.5,380.5
0200,599.5,399.5
0200,793.5,398.5
0200,718.5,280.5
0200,591.5,351.5
0200,596.5,318.5
0200,620.5,278.5
0200,698.5,258.5
0200,720.5,333.5
0200,723.5,407.5
0202,675.5,272.5
0202,717.5,274.5
0202,594.5,387.5
0202,759.5,418.5
0202,619.5,340.5
0202,624.5,277.5
0202,712.5,306.5
0202,718.5,420.5
0202,592.5,349.5
0202,757.5,460.5
0202,805.5,395.5
0202,777.5,387.5
0202,649.5,260.5
0202,595.5,320.5
0202,720.5,334.5
0203,755.5,458.5
0203,758.5,417.5
0203,619.5,340.5
0203,720.5,436.5
0203,589.5,350.5
0203,803.5,391.5
0203,623.5,277.5
0203,596.5,320.5
0203,669.5,280.5
0203,712.5,306.5
0203,729.5,273.5
0203,649.5,256.5
0203,594.5,386.5
0203,779.5,375.5
0203,719.5,335.5
0204,596.5,320.5
0204,744.5,264.5
0204,596.5,385.5
0204,756.5,461.5
0204,623.5,276.5
0204,778.5,375.5
0204,729.5,438.5
0204,590.5,348.5
0204,756.5,397.5
0204,801.5,409.5
0204,669.5,280.5
0204,648.5,257.5
0204,620.5,338.5
0204,718.5,334.5
0204,719.5,304.5
0205,620.5,340.5
0205,797.5,420.5
0205,735.5,249.5
0205,714.5,292.5
0205,735.5,382.5
0205,718.5,334.5
0205,617.5,282.5
0205,590.5,351.5
0205,593.5,386.5
0205,671.5,279.5
0205,778.5,375.5
0205,641.5,260.5
0205,594.5,321.5
0205,730.5,420.5
0205,756.5,457.5
0206,595.5,321.5
0206,613.5,289.5
0206,591.5,351.5
0206,594.5,387.5
0206,619.5,341.5
0206,731.5,413.5
0206,665.5,281.5
0206,705.5,291.5
0206,791.5,419.5
0206,735.5,382.5
0206,643.5,262.5
0206,735.5,254.5
0206,757.5,458.5
0206,778.5,376.5
0206,720.5,335.5
0207,615.5,292.5
0207,598.5,320.5
0207,742.5,466.5
0207,707.5,292.5
0207,652.5,295.5
0207,592.5,382.5
0207,719.5,334.5
0207,619.5,344.5
0207,640.5,260.5
0207,590.5,352.5
0207,708.5,402.5
0207,734.5,383.5
0207,734.5,254.5
0207,786.5,403.5
0207,777.5,378.5
0209,596.5,320.5
0209,621.5,345.5
0209,614.5,292.5
0209,592.5,381.5
0209,733.5,384.5
0209,706.5,292.5
0209,641.5,261.5
0209,780.5,372.5
0209,722.5,470.5
0209,708.5,419.5
0209,656.5,309.5
0209,591.5,351.5
0209,734.5,252.5
0209,762.5,398.5
0209,719.5,332.5
0210,722.5,426.5
0210,615.5,292.5
0210,662.5,309.5
0210,779.5,373.5
0210,723.5,468.5
0210,590.5,354.5
0210,622.5,347.5
0210,705.5,291.5
0210,734.5,255.5
0210,754.5,398.5
0210,643.5,262.5
0210,597.5,394.5
0210,598.5,323.5
0210,721.5,333.5
0210,730.5,378.5
0212,622.5,344.5
0212,656.5,356.5
0212,754.5,390.5
0212,600.5,323.5
0212,613.5,293.5
0212,730.5,468.5
0212,588.5,353.5
0212,600.5,407.5
0212,729.5,376.5
0212,731.5,253.5
0212,727.5,410.5
0212,705.5,291.5
0212,719.5,335.5
0212,622.5,274.5
0212,780.5,372.5
0213,780.5,372.5
0213,736.5,253.5
0213,707.5,292.5
0213,726.5,412.5
0213,622.5,330.5
0213,594.5,321.5
0213,732.5,466.5
0213,754.5,389.5
0213,613.5,294.5
0213,630.5,268.5
0213,725.5,374.5
0213,602.5,406.5
0213,661.5,381.5
0213,720.5,333.5
0213,590.5,354.5
0214,734.5,463.5
0214,662.5,391.5
0214,594.5,324.5
0214,780.5,372.5
0214,720.5,332.5
0214,758.5,393.5
0214,602.5,407.5
0214,609.5,294.5
0214,623.5,320.5
0214,630.5,272.5
0214,725.5,412.5
0214,736.5,251.5
0214,589.5,356.5
0214,724.5,375.5
0214,704.5,292.5
0215,607.5,298.5
0215,735.5,461.5
0215,625.5,320.5
0215,602.5,407.5
0215,594.5,325.5
0215,663.5,389.5
0215,728.5,412.5
0215,636.5,266.5
0215,705.5,294.5
0215,723.5,318.5
0215,734.5,253.5
0215,590.5,355.5
0215,779.5,374.5
0215,755.5,407.5
0215,722.5,373.5
0217,726.5,374.5
0217,608.5,295.5
0217,638.5,265.5
0217,660.5,390.5
0217,726.5,313.5
0217,722.5,403.5
0217,589.5,352.5
0217,705.5,291.5
0217,626.5,320.5
0217,596.5,324.5
0217,600.5,406.5
0217,719.5,471.5
0217,754.5,430.5
0217,765.5,349.5
0217,734.5,254.5
0218,626.5,322.5
0218,591.5,351.5
0218,645.5,264.5
0218,719.5,468.5
0218,610.5,294.5
0218,721.5,401.5
0218,732.5,252.5
0218,726.5,371.5
0218,754.5,332.5
0218,660.5,390.5
0218,602.5,406.5
0218,705.5,292.5
0218,723.5,314.5
0218,597.5,323.5
0218,752.5,447.5
0219,719.5,468.5
0219,608.5,294.5
0219,602.5,406.5
0219,716.5,408.5
0219,589.5,351.5
0219,594.5,321.5
0219,644.5,265.5
0219,660.5,389.5
0219,747.5,361.5
0219,726.5,313.5
0219,628.5,320.5
0219,752.5,334.5
0219,770.5,448.5
0219,705.5,292.5
0219,714.5,251.5
0221,595.5,326.5
0221,611.5,296.5
0221,600.5,405.5
0221,753.5,332.5
0221,719.5,468.5
0221,645.5,264.5
0221,662.5,388.5
0221,725.5,314.5
0221,730.5,427.5
0221,698.5,259.5
0221,777.5,442.5
0221,750.5,364.5
0221,626.5,324.5
0221,591.5,365.5
0221,704.5,290.5
0225,753.5,332.5
0225,716.5,471.5
0225,661.5,389.5
0225,776.5,443.5
0225,602.5,407.5
0225,590.5,368.5
0225,655.5,255.5
0225,725.5,314.5
0225,617.5,289.5
0225,625.5,320.5
0225,705.5,291.5
0225,737.5,445.5
0225,742.5,369.5
0225,591.5,338.5
0225,697.5,261.5
0227,592.5,336.5
0227,661.5,318.5
0227,661.5,390.5
0227,753.5,332.5
0227,776.5,443.5
0227,725.5,315.5
0227,602.5,407.5
0227,738.5,446.5
0227,718.5,470.5
0227,621.5,296.5
0227,742.5,369.5
0227,705.5,292.5
0227,593.5,368.5
0227,669.5,248.5
0227,699.5,259.5
0231,681.5,276.5
0231,632.5,319.5
0231,590.5,367.5
0231,732.5,434.5
0231,731.5,462.5
0231,723.5,316.5
0231,593.5,335.5
0231,663.5,389.5
0231,745.5,366.5
0231,599.5,409.5
0231,706.5,291.5
0231,749.5,334.5
0231,775.5,441.5
0231,728.5,269.5
0231,673.5,248.5
0233,743.5,369.5
0233,704.5,412.5
0233,662.5,391.5
0233,677.5,278.5
0233,632.5,319.5
0233,739.5,464.5
0233,588.5,369.5
0233,778.5,442.5
0233,702.5,290.5
0233,674.5,249.5
0233,724.5,314.5
0233,600.5,407.5
0233,731.5,276.5
0233,592.5,334.5
0233,752.5,332.5
0234,673.5,284.5
0234,632.5,319.5
0234,591.5,368.5
0234,743.5,368.5
0234,777.5,442.5
0234,660.5,390.5
0234,593.5,335.5
0234,733.5,277.5
0234,716.5,314.5
0234,696.5,411.5
0234,682.5,248.5
0234,753.5,333.5
0234,603.5,406.5
0234,717.5,469.5
0234,701.5,290.5
0235,662.5,391.5
0235,753.5,332.5
0235,686.5,247.5
0235,599.5,402.5
0235,697.5,428.5
0235,591.5,368.5
0235,777.5,442.5
0235,700.5,471.5
0235,743.5,367.5
0235,672.5,277.5
0235,707.5,321.5
0235,749.5,272.5
0235,702.5,290.5
0235,591.5,336.5
0235,631.5,320.5
0236,632.5,319.5
0236,661.5,390.5
0236,750.5,270.5
0236,691.5,244.5
0236,753.5,332.5
0236,718.5,428.5
0236,596.5,395.5
0236,701.5,330.5
0236,593.5,367.5
0236,776.5,446.5
0236,678.5,273.5
0236,701.5,291.5
0236,590.5,336.5
0236,699.5,465.5
0236,743.5,368.5
0238,631.5,331.5
0238,784.5,439.5
0238,773.5,279.5
0238,692.5,349.5
0238,662.5,388.5
0238,687.5,435.5
0238,752.5,333.5
0238,711.5,290.5
0238,596.5,394.5
0238,682.5,270.5
0238,713.5,408.5
0238,712.5,244.5
0238,743.5,368.5
0238,593.5,337.5
0238,589.5,368.5
0240,661.5,389.5
0240,801.5,413.5
0240,731.5,365.5
0240,603.5,411.5
0240,619.5,362.5
0240,677.5,415.5
0240,693.5,383.5
0240,713.5,409.5
0240,752.5,332.5
0240,787.5,285.5
0240,593.5,335.5
0240,682.5,270.5
0240,760.5,266.5
0240,590.5,367.5
0240,715.5,246.5
0243,808.5,394.5
0243,682.5,271.5
0243,652.5,383.5
0243,595.5,327.5
0243,589.5,368.5
0243,659.5,416.5
0243,759.5,263.5
0243,713.5,409.5
0243,680.5,391.5
0243,789.5,286.5
0243,694.5,358.5
0243,617.5,378.5
0243,608.5,417.5
0243,752.5,332.5
0243,713.5,244.5
0248,595.5,325.5
0248,651.5,379.5
0248,681.5,393.5
0248,636.5,409.5
0248,607.5,409.5
0248,690.5,336.5
0248,682.5,272.5
0248,587.5,356.5
0248,753.5,332.5
0248,812.5,383.5
0248,714.5,244.5
0248,751.5,424.5
0248,787.5,285.5
0248,753.5,259.5
0248,630.5,359.5
0250,682.5,271.5
0250,753.5,332.5
0250,625.5,359.5
0250,654.5,376.5
0250,590.5,359.5
0250,790.5,410.5
0250,810.5,388.5
0250,767.5,261.5
0250,631.5,425.5
0250,609.5,408.5
0250,789.5,286.5
0250,594.5,327.5
0250,681.5,393.5
0250,691.5,334.5
0250,720.5,248.5
0251,621.5,361.5
0251,682.5,271.5
0251,664.5,369.5
0251,811.5,389.5
0251,785.5,285.5
0251,595.5,326.5
0251,606.5,408.5
0251,752.5,332.5
0251,690.5,336.5
0251,790.5,411.5
0251,591.5,354.5
0251,673.5,248.5
0251,632.5,422.5
0251,680.5,391.5
0251,709.5,249.5
0255,608.5,376.5
0255,691.5,282.5
0255,626.5,413.5
0255,753.5,332.5
0255,810.5,387.5
0255,787.5,408.5
0255,672.5,373.5
0255,596.5,323.5
0255,684.5,396.5
0255,601.5,404.5
0255,684.5,316.5
0255,589.5,355.5
0255,785.5,286.5
0255,699.5,250.5
0255,719.5,272.5
0256,631.5,415.5
0256,683.5,396.5
0256,810.5,387.5
0256,666.5,373.5
0256,789.5,410.5
0256,600.5,405.5
0256,591.5,354.5
0256,606.5,376.5
0256,720.5,272.5
0256,700.5,246.5
0256,595.5,323.5
0256,672.5,309.5
0256,696.5,290.5
0256,752.5,332.5
0256,783.5,287.5
0257,658.5,369.5
0257,683.5,396.5
0257,753.5,332.5
0257,669.5,301.5
0257,791.5,410.5
0257,590.5,351.5
0257,596.5,321.5
0257,637.5,417.5
0257,702.5,299.5
0257,601.5,407.5
0257,809.5,388.5
0257,604.5,375.5
0257,787.5,286.5
0257,689.5,242.5
0257,721.5,270.5
0259,636.5,378.5
0259,600.5,323.5
0259,788.5,409.5
0259,686.5,426.5
0259,680.5,246.5
0259,671.5,301.5
0259,811.5,388.5
0259,721.5,272.5
0259,604.5,376.5
0259,752.5,333.5
0259,590.5,351.5
0259,787.5,284.5
0259,600.5,405.5
0259,683.5,398.5
0259,697.5,299.5
0262,753.5,332.5
0262,625.5,382.5
0262,601.5,409.5
0262,601.5,322.5
0262,672.5,249.5
0262,812.5,381.5
0262,594.5,379.5
0262,699.5,299.5
0262,724.5,421.5
0262,669.5,303.5
0262,721.5,270.5
0262,748.5,274.5
0262,697.5,430.5
0262,590.5,349.5
0262,792.5,412.5
0266,814.5,372.5
0266,673.5,251.5
0266,625.5,382.5
0266,592.5,381.5
0266,700.5,431.5
0266,778.5,390.5
0266,604.5,410.5
0266,588.5,355.5
0266,648.5,262.5
0266,739.5,293.5
0266,807.5,401.5
0266,717.5,271.5
0266,755.5,264.5
0266,596.5,320.5
0266,702.5,298.5
0267,592.5,379.5
0267,588.5,350.5
0267,782.5,370.5
0267,641.5,265.5
0267,700.5,300.5
0267,702.5,431.5
0267,674.5,249.5
0267,813.5,371.5
0267,594.5,319.5
0267,626.5,383.5
0267,806.5,403.5
0267,717.5,268.5
0267,771.5,265.5
0267,742.5,276.5
0267,603.5,409.5
0268,806.5,403.5
0268,605.5,407.5
0268,768.5,263.5
0268,597.5,320.5
0268,702.5,430.5
0268,781.5,370.5
0268,593.5,379.5
0268,814.5,367.5
0268,633.5,269.5
0268,700.5,300.5
0268,591.5,350.5
0268,627.5,384.5
0268,672.5,250.5
0268,717.5,268.5
0268,744.5,270.5
0270,592.5,379.5
0270,599.5,313.5
0270,813.5,363.5
0270,700.5,431.5
0270,702.5,301.5
0270,592.5,349.5
0270,632.5,270.5
0270,771.5,265.5
0270,625.5,390.5
0270,747.5,254.5
0270,665.5,254.5
0270,783.5,383.5
0270,807.5,403.5
0270,600.5,410.5
0270,717.5,268.5
0271,631.5,406.5
0271,700.5,300.5
0271,598.5,318.5
0271,588.5,350.5
0271,772.5,267.5
0271,592.5,378.5
0271,602.5,407.5
0271,743.5,253.5
0271,702.5,430.5
0271,814.5,365.5
0271,776.5,395.5
0271,807.5,405.5
0271,637.5,267.5
0271,663.5,253.5
0271,714.5,266.5
0272,813.5,363.5
0272,604.5,317.5
0272,593.5,348.5
0272,771.5,265.5
0272,744.5,253.5
0272,664.5,252.5
0272,597.5,376.5
0272,637.5,264.5
0272,777.5,399.5
0272,599.5,409.5
0272,633.5,426.5
0272,701.5,430.5
0272,713.5,268.5
0272,702.5,299.5
0272,805.5,400.5
0273,777.5,399.5
0273,811.5,362.5
0273,639.5,438.5
0273,638.5,264.5
0273,617.5,315.5
0273,666.5,249.5
0273,602.5,407.5
0273,592.5,348.5
0273,697.5,256.5
0273,701.5,298.5
0273,808.5,395.5
0273,597.5,375.5
0273,701.5,431.5
0273,770.5,267.5
0273,746.5,253.5
0274,646.5,260.5
0274,700.5,431.5
0274,598.5,377.5
0274,813.5,387.5
0274,700.5,300.5
0274,625.5,300.5
0274,703.5,251.5
0274,677.5,249.5
0274,639.5,438.5
0274,785.5,399.5
0274,590.5,347.5
0274,745.5,253.5
0274,771.5,266.5
0274,599.5,408.5
0274,805.5,358.5
0275,745.5,254.5
0275,699.5,429.5
0275,797.5,350.5
0275,639.5,438.5
0275,625.5,300.5
0275,597.5,377.5
0275,600.5,409.5
0275,687.5,244.5
0275,797.5,399.5
0275,592.5,348.5
0275,813.5,377.5
0275,701.5,298.5
0275,714.5,264.5
0275,772.5,264.5
0275,661.5,256.5
0276,749.5,256.5
0276,597.5,375.5
0276,625.5,300.5
0276,696.5,243.5
0276,774.5,265.5
0276,592.5,348.5
0276,812.5,377.5
0276,799.5,408.5
0276,666.5,252.5
0276,717.5,266.5
0276,600.5,409.5
0276,700.5,300.5
0276,783.5,348.5
0276,640.5,439.5
0276,700.5,431.5
0277,597.5,375.5
0277,798.5,409.5
0277,700.5,431.5
0277,699.5,300.5
0277,694.5,245.5
0277,659.5,251.5
0277,592.5,348.5
0277,741.5,250.5
0277,640.5,437.5
0277,624.5,299.5
0277,715.5,266.5
0277,811.5,383.5
0277,603.5,409.5
0277,773.5,264.5
0277,772.5,362.5
0279,639.5,438.5
0279,774.5,267.5
0279,701.5,298.5
0279,705.5,422.5
0279,813.5,360.5
0279,717.5,267.5
0279,700.5,244.5
0279,598.5,377.5
0279,600.5,409.5
0279,629.5,305.5
0279,659.5,252.5
0279,592.5,348.5
0279,751.5,255.5
0279,801.5,409.5
0279,787.5,377.5
0281,632.5,324.5
0281,778.5,266.5
0281,595.5,377.5
0281,749.5,254.5
0281,660.5,252.5
0281,603.5,409.5
0281,639.5,438.5
0281,706.5,409.5
0281,797.5,410.5
0281,592.5,348.5
0281,697.5,299.5
0281,702.5,245.5
0281,813.5,339.5
0281,721.5,267.5
0281,773.5,400.5
0282,639.5,438.5
0282,775.5,268.5
0282,631.5,345.5
0282,588.5,349.5
0282,657.5,255.5
0282,800.5,410.5
0282,704.5,244.5
0282,598.5,377.5
0282,706.5,413.5
0282,689.5,298.5
0282,766.5,412.5
0282,600.5,409.5
0282,749.5,253.5
0282,723.5,265.5
0282,812.5,331.5
0283,753.5,255.5
0283,708.5,415.5
0283,727.5,276.5
0283,777.5,269.5
0283,639.5,438.5
0283,595.5,376.5
0283,654.5,257.5
0283,601.5,410.5
0283,689.5,294.5
0283,703.5,244.5
0283,801.5,416.5
0283,632.5,361.5
0283,591.5,349.5
0283,812.5,328.5
0283,766.5,412.5
0286,630.5,360.5
0286,601.5,373.5
0286,778.5,269.5
0286,649.5,257.5
0286,802.5,413.5
0286,810.5,326.5
0286,591.5,344.5
0286,600.5,409.5
0286,751.5,254.5
0286,639.5,438.5
0286,734.5,312.5
0286,689.5,294.5
0286,704.5,242.5
0286,708.5,416.5
0286,770.5,397.5
0287,601.5,372.5
0287,600.5,409.5
0287,704.5,415.5
0287,798.5,416.5
0287,706.5,243.5
0287,808.5,313.5
0287,639.5,438.5
0287,734.5,310.5
0287,777.5,271.5
0287,628.5,361.5
0287,651.5,258.5
0287,751.5,254.5
0287,589.5,344.5
0287,769.5,397.5
0287,688.5,293.5
0289,631.5,360.5
0289,687.5,294.5
0289,801.5,417.5
0289,751.5,255.5
0289,776.5,269.5
0289,702.5,242.5
0289,592.5,345.5
0289,639.5,438.5
0289,600.5,409.5
0289,603.5,376.5
0289,651.5,258.5
0289,734.5,310.5
0289,707.5,416.5
0289,767.5,398.5
0289,798.5,305.5
0290,609.5,379.5
0290,773.5,267.5
0290,632.5,359.5
0290,603.5,409.5
0290,751.5,254.5
0290,649.5,257.5
0290,800.5,418.5
0290,592.5,345.5
0290,705.5,415.5
0290,734.5,312.5
0290,702.5,241.5
0290,639.5,440.5
0290,689.5,294.5
0290,769.5,395.5
0290,799.5,305.5
0291,639.5,438.5
0291,702.5,243.5
0291,751.5,253.5
0291,797.5,416.5
0291,776.5,269.5
0291,653.5,258.5
0291,592.5,345.5
0291,613.5,381.5
0291,603.5,411.5
0291,734.5,312.5
0291,632.5,360.5
0291,687.5,294.5
0291,707.5,415.5
0291,800.5,304.5
0291,769.5,395.5
0292,776.5,269.5
0292,688.5,295.5
0292,639.5,438.5
0292,734.5,312.5
0292,635.5,360.5
0292,751.5,254.5
0292,708.5,414.5
0292,799.5,416.5
0292,592.5,345.5
0292,703.5,243.5
0292,769.5,397.5
0292,602.5,411.5
0292,617.5,383.5
0292,653.5,258.5
0292,799.5,304.5
0293,647.5,370.5
0293,776.5,269.5
0293,799.5,416.5
0293,639.5,438.5
0293,649.5,257.5
0293,618.5,384.5
0293,688.5,295.5
0293,702.5,243.5
0293,734.5,312.5
0293,707.5,413.5
0293,592.5,345.5
0293,800.5,305.5
0293,750.5,255.5
0293,767.5,396.5
0293,602.5,411.5
0295,798.5,416.5
0295,639.5,438.5
0295,703.5,242.5
0295,736.5,310.5
0295,687.5,380.5
0295,706.5,462.5
0295,776.5,269.5
0295,602.5,411.5
0295,617.5,384.5
0295,751.5,253.5
0295,592.5,344.5
0295,690.5,293.5
0295,649.5,257.5
0295,801.5,314.5
0295,770.5,398.5
0297,777.5,270.5
0297,649.5,257.5
0297,617.5,384.5
0297,705.5,364.5
0297,751.5,255.5
0297,600.5,410.5
0297,806.5,311.5
0297,639.5,438.5
0297,769.5,397.5
0297,734.5,312.5
0297,799.5,416.5
0297,592.5,344.5
0297,707.5,471.5
0297,707.5,241.5
0297,687.5,294.5
0298,705.5,470.5
0298,705.5,364.5
0298,751.5,255.5
0298,776.5,269.5
0298,617.5,384.5
0298,639.5,438.5
0298,798.5,416.5
0298,733.5,310.5
0298,702.5,243.5
0298,652.5,259.5
0298,689.5,294.5
0298,602.5,412.5
0298,803.5,311.5
0298,767.5,397.5
0298,592.5,345.5
0299,639.5,438.5
0299,776.5,269.5
0299,703.5,243.5
0299,799.5,416.5
0299,603.5,410.5
0299,751.5,255.5
0299,804.5,310.5
0299,592.5,345.5
0299,734.5,312.5
0299,687.5,295.5
0299,707.5,365.5
0299,618.5,384.5
0299,651.5,258.5
0299,769.5,397.5
0299,705.5,470.5
0300,617.5,384.5
0300,776.5,271.5
0300,703.5,242.5
0300,799.5,416.5
0300,705.5,364.5
0300,591.5,345.5
0300,708.5,470.5
0300,639.5,438.5
0300,602.5,411.5
0300,750.5,254.5
0300,688.5,294.5
0300,736.5,310.5
0300,803.5,309.5
0300,651.5,259.5
0300,768.5,398.5
0301,798.5,416.5
0301,639.5,438.5
0301,600.5,410.5
0301,592.5,344.5
0301,708.5,470.5
0301,777.5,270.5
0301,689.5,294.5
0301,734.5,312.5
0301,750.5,254.5
0301,618.5,386.5
0301,703.5,244.5
0301,767.5,397.5
0301,652.5,257.5
0301,707.5,364.5
0301,804.5,313.5
0302,689.5,295.5
0302,705.5,364.5
0302,799.5,419.5
0302,752.5,253.5
0302,639.5,438.5
0302,707.5,470.5
0302,776.5,269.5
0302,803.5,312.5
0302,702.5,242.5
0302,601.5,410.5
0302,734.5,310.5
0302,591.5,344.5
0302,616.5,384.5
0302,652.5,257.5
0302,767.5,397.5
0303,776.5,269.5
0303,705.5,364.5
0303,592.5,345.5
0303,602.5,411.5
0303,734.5,312.5
0303,639.5,438.5
0303,753.5,254.5
0303,707.5,470.5
0303,799.5,416.5
0303,651.5,258.5
0303,688.5,296.5
0303,618.5,384.5
0303,770.5,398.5
0303,703.5,241.5
0303,803.5,309.5
0304,733.5,310.5
0304,705.5,364.5
0304,603.5,410.5
0304,639.5,438.5
0304,799.5,416.5
0304,587.5,345.5
0304,804.5,310.5
0304,778.5,270.5
0304,650.5,256.5
0304,689.5,294.5
0304,702.5,242.5
0304,617.5,383.5
0304,751.5,253.5
0304,707.5,471.5
0304,770.5,396.5
0305,733.5,310.5
0305,707.5,364.5
0305,600.5,410.5
0305,777.5,270.5
0305,591.5,345.5
0305,639.5,438.5
0305,618.5,384.5
0305,708.5,470.5
0305,799.5,415.5
0305,703.5,244.5
0305,650.5,257.5
0305,751.5,253.5
0305,689.5,294.5
0305,767.5,397.5
0305,805.5,310.5
0306,751.5,255.5
0306,639.5,438.5
0306,776.5,269.5
0306,619.5,384.5
0306,592.5,345.5
0306,799.5,416.5
0306,735.5,311.5
0306,707.5,471.5
0306,689.5,294.5
0306,651.5,258.5
0306,602.5,411.5
0306,703.5,243.5
0306,707.5,364.5
0306,768.5,398.5
0306,803.5,309.5
0307,705.5,364.5
0307,705.5,470.5
0307,750.5,252.5
0307,688.5,294.5
0307,733.5,310.5
0307,805.5,312.5
0307,592.5,344.5
0307,639.5,438.5
0307,776.5,269.5
0307,800.5,415.5
0307,618.5,384.5
0307,706.5,243.5
0307,651.5,258.5
0307,767.5,396.5
0307,601.5,411.5
0308,798.5,416.5
0308,654.5,257.5
0308,616.5,383.5
0308,708.5,471.5
0308,690.5,293.5
0308,592.5,345.5
0308,777.5,270.5
0308,705.5,364.5
0308,736.5,310.5
0308,638.5,439.5
0308,751.5,253.5
0308,601.5,410.5
0308,704.5,242.5
0308,803.5,309.5
0308,768.5,398.5
0309,799.5,419.5
0309,639.5,438.5
0309,707.5,243.5
0309,592.5,345.5
0309,602.5,411.5
0309,737.5,312.5
0309,705.5,474.5
0309,707.5,365.5
0309,778.5,270.5
0309,616.5,384.5
0309,751.5,254.5
0309,690.5,293.5
0309,652.5,258.5
0309,767.5,397.5
0309,803.5,309.5
0312,588.5,344.5
0312,704.5,364.5
0312,617.5,384.5
0312,639.5,438.5
0312,803.5,311.5
0312,797.5,420.5
0312,687.5,296.5
0312,653.5,257.5
0312,706.5,243.5
0312,706.5,472.5
0312,737.5,312.5
0312,601.5,407.5
0312,769.5,398.5
0312,778.5,269.5
0312,748.5,257.5
0314,689.5,295.5
0314,776.5,269.5
0314,705.5,364.5
0314,589.5,344.5
0314,708.5,470.5
0314,639.5,438.5
0314,618.5,385.5
0314,798.5,417.5
0314,602.5,411.5
0314,733.5,309.5
0314,750.5,254.5
0314,653.5,258.5
0314,704.5,242.5
0314,804.5,311.5
0314,768.5,398.5
0315,617.5,384.5
0315,705.5,364.5
0315,647.5,257.5
0315,799.5,415.5
0315,751.5,253.5
0315,638.5,439.5
0315,704.5,472.5
0315,736.5,310.5
0315,776.5,270.5
0315,803.5,311.5
0315,687.5,295.5
0315,702.5,244.5
0315,592.5,345.5
0315,602.5,411.5
0315,767.5,398.5
0317,639.5,438.5
0317,649.5,257.5
0317,603.5,410.5
0317,618.5,385.5
0317,705.5,364.5
0317,776.5,269.5
0317,749.5,252.5
0317,704.5,472.5
0317,734.5,313.5
0317,796.5,420.5
0317,804.5,310.5
0317,689.5,294.5
0317,702.5,244.5
0317,592.5,345.5
0317,770.5,396.5
0318,799.5,419.5
0318,704.5,242.5
0318,704.5,472.5
0318,734.5,310.5
0318,592.5,345.5
0318,617.5,386.5
0318,688.5,294.5
0318,600.5,410.5
0318,706.5,365.5
0318,639.5,438.5
0318,778.5,270.5
0318,751.5,255.5
0318,804.5,311.5
0318,769.5,397.5
0318,651.5,258.5
0320,689.5,295.5
0320,776.5,269.5
0320,753.5,256.5
0320,799.5,416.5
0320,706.5,365.5
0320,592.5,344.5
0320,602.5,411.5
0320,640.5,439.5
0320,651.5,258.5
0320,703.5,244.5
0320,734.5,310.5
0320,617.5,385.5
0320,706.5,471.5
0320,767.5,396.5
0320,801.5,310.5
0321,688.5,294.5
0321,639.5,438.5
0321,776.5,267.5
0321,618.5,385.5
0321,705.5,364.5
0321,751.5,255.5
0321,797.5,415.5
0321,592.5,344.5
0321,649.5,257.5
0321,702.5,243.5
0321,803.5,309.5
0321,736.5,311.5
0321,602.5,411.5
0321,708.5,470.5
0321,768.5,398.5
0322,590.5,345.5
0322,639.5,438.5
0322,749.5,252.5
0322,800.5,420.5
0322,779.5,268.5
0322,705.5,242.5
0322,705.5,364.5
0322,704.5,472.5
0322,688.5,294.5
0322,735.5,310.5
0322,602.5,411.5
0322,617.5,386.5
0322,652.5,260.5
0322,802.5,311.5
0322,769.5,395.5
0323,777.5,267.5
0323,617.5,384.5
0323,705.5,364.5
0323,592.5,344.5
0323,639.5,438.5
0323,689.5,294.5
0323,797.5,415.5
0323,735.5,311.5
0323,601.5,413.5
0323,767.5,397.5
0323,704.5,242.5
0323,708.5,470.5
0323,749.5,254.5
0323,652.5,258.5
0323,803.5,309.5
0324,777.5,268.5
0324,705.5,364.5
0324,799.5,416.5
0324,639.5,438.5
0324,592.5,345.5
0324,602.5,411.5
0324,617.5,384.5
0324,803.5,310.5
0324,736.5,310.5
0324,651.5,258.5
0324,688.5,294.5
0324,751.5,255.5
0324,706.5,471.5
0324,769.5,398.5
0324,702.5,243.5
0325,798.5,413.5
0325,734.5,310.5
0325,591.5,345.5
0325,619.5,383.5
0325,689.5,294.5
0325,776.5,269.5
0325,652.5,259.5
0325,707.5,364.5
0325,602.5,408.5
0325,804.5,313.5
0325,639.5,438.5
0325,704.5,242.5
0325,750.5,254.5
0325,770.5,396.5
0325,709.5,469.5
0326,776.5,269.5
0326,734.5,312.5
0326,751.5,255.5
0326,589.5,345.5
0326,639.5,438.5
0326,799.5,416.5
0326,688.5,295.5
0326,617.5,383.5
0326,705.5,470.5
0326,601.5,408.5
0326,704.5,242.5
0326,805.5,310.5
0326,651.5,258.5
0326,704.5,364.5
0326,770.5,398.5
0327,639.5,438.5
0327,799.5,416.5
0327,777.5,268.5
0327,750.5,256.5
0327,592.5,345.5
0327,734.5,312.5
0327,710.5,471.5
0327,706.5,241.5
0327,603.5,410.5
0327,707.5,364.5
0327,803.5,311.5
0327,689.5,294.5
0327,652.5,257.5
0327,616.5,383.5
0327,767.5,398.5
0328,639.5,438.5
0328,592.5,343.5
0328,776.5,269.5
0328,603.5,410.5
0328,799.5,416.5
0328,653.5,257.5
0328,705.5,363.5
0328,618.5,385.5
0328,688.5,295.5
0328,704.5,242.5
0328,735.5,311.5
0328,751.5,255.5
0328,768.5,395.5
0328,803.5,309.5
0328,706.5,471.5
0329,617.5,384.5
0329,639.5,438.5
0329,776.5,269.5
0329,587.5,345.5
0329,806.5,311.5
0329,690.5,293.5
0329,708.5,471.5
0329,734.5,310.5
0329,705.5,242.5
0329,649.5,257.5
0329,755.5,254.5
0329,602.5,409.5
0329,799.5,416.5
0329,704.5,367.5
0329,769.5,397.5
0330,705.5,470.5
0330,588.5,344.5
0330,601.5,408.5
0330,776.5,269.5
0330,751.5,255.5
0330,687.5,294.5
0330,796.5,415.5
0330,705.5,364.5
0330,804.5,313.5
0330,639.5,438.5
0330,617.5,386.5
0330,734.5,312.5
0330,654.5,257.5
0330,703.5,243.5
0330,770.5,398.5
0331,798.5,417.5
0331,705.5,364.5
0331,602.5,410.5
0331,735.5,313.5
0331,640.5,439.5
0331,591.5,345.5
0331,703.5,242.5
0331,750.5,254.5
0331,618.5,383.5
0331,652.5,257.5
0331,688.5,295.5
0331,804.5,313.5
0331,776.5,268.5
0331,705.5,469.5
0331,769.5,395.5
0332,705.5,364.5
0332,736.5,310.5
0332,639.5,438.5
0332,798.5,417.5
0332,753.5,253.5
0332,617.5,384.5
0332,776.5,269.5
0332,592.5,344.5
0332,600.5,409.5
0332,706.5,471.5
0332,689.5,294.5
0332,651.5,258.5
0332,702.5,243.5
0332,769.5,398.5
0332,805.5,312.5
0333,776.5,269.5
0333,639.5,438.5
0333,799.5,420.5
0333,598.5,410.5
0333,750.5,254.5
0333,805.5,312.5
0333,616.5,383.5
0333,688.5,296.5
0333,706.5,473.5
0333,734.5,312.5
0333,592.5,345.5
0333,707.5,366.5
0333,769.5,395.5
0333,652.5,258.5
0333,704.5,243.5
0334,588.5,344.5
0334,801.5,418.5
0334,650.5,256.5
0334,705.5,364.5
0334,776.5,269.5
0334,706.5,243.5
0334,639.5,438.5
0334,689.5,294.5
0334,750.5,253.5
0334,708.5,470.5
0334,601.5,410.5
0334,616.5,383.5
0334,736.5,310.5
0334,768.5,398.5
0334,803.5,309.5
0335,689.5,295.5
0335,777.5,270.5
0335,639.5,438.5
0335,707.5,241.5
0335,751.5,255.5
0335,707.5,364.5
0335,768.5,398.5
0335,799.5,416.5
0335,592.5,345.5
0335,649.5,257.5
0335,706.5,473.5
0335,734.5,310.5
0335,803.5,311.5
0335,601.5,410.5
0335,615.5,385.5
0337,751.5,254.5
0337,776.5,269.5
0337,639.5,438.5
0337,601.5,409.5
0337,686.5,296.5
0337,704.5,364.5
0337,734.5,312.5
0337,591.5,345.5
0337,803.5,309.5
0337,616.5,383.5
0337,798.5,417.5
0337,652.5,257.5
0337,704.5,242.5
0337,769.5,397.5
0337,707.5,472.5
0338,705.5,364.5
0338,707.5,470.5
0338,639.5,438.5
0338,776.5,269.5
0338,688.5,295.5
0338,591.5,344.5
0338,750.5,256.5
0338,733.5,310.5
0338,616.5,383.5
0338,650.5,259.5
0338,602.5,411.5
0338,770.5,397.5
0338,702.5,243.5
0338,799.5,416.5
0338,802.5,314.5
0339,589.5,344.5
0339,774.5,270.5
0339,603.5,410.5
0339,688.5,294.5
0339,641.5,438.5
0339,653.5,257.5
0339,733.5,310.5
0339,797.5,417.5
0339,707.5,470.5
0339,616.5,383.5
0339,703.5,244.5
0339,803.5,311.5
0339,748.5,257.5
0339,706.5,363.5
0339,768.5,398.5
0341,798.5,416.5
0341,639.5,438.5
0341,776.5,270.5
0341,733.5,311.5
0341,652.5,257.5
0341,601.5,410.5
0341,689.5,294.5
0341,592.5,345.5
0341,750.5,253.5
0341,706.5,471.5
0341,617.5,385.5
0341,704.5,242.5
0341,767.5,397.5
0341,705.5,363.5
0341,801.5,314.5
0342,689.5,295.5
0342,776.5,269.5
0342,589.5,343.5
0342,736.5,310.5
0342,639.5,438.5
0342,803.5,311.5
0342,705.5,470.5
0342,705.5,242.5
0342,798.5,418.5
0342,601.5,410.5
0342,651.5,258.5
0342,751.5,255.5
0342,705.5,362.5
0342,617.5,385.5
0342,769.5,395.5
0343,617.5,384.5
0343,800.5,420.5
0343,777.5,268.5
0343,591.5,345.5
0343,640.5,437.5
0343,734.5,310.5
0343,688.5,295.5
0343,805.5,312.5
0343,598.5,409.5
0343,650.5,256.5
0343,704.5,243.5
0343,707.5,469.5
0343,752.5,255.5
0343,770.5,396.5
0343,704.5,363.5
0344,639.5,438.5
0344,708.5,470.5
0344,602.5,411.5
0344,799.5,416.5
0344,688.5,296.5
0344,777.5,269.5
0344,734.5,312.5
0344,618.5,384.5
0344,751.5,255.5
0344,651.5,259.5
0344,703.5,365.5
0344,592.5,345.5
0344,704.5,243.5
0344,768.5,398.5
0344,804.5,313.5
0345,733.5,310.5
0345,751.5,255.5
0345,776.5,269.5
0345,800.5,415.5
0345,592.5,343.5
0345,616.5,384.5
0345,639.5,438.5
0345,652.5,257.5
0345,702.5,242.5
0345,705.5,367.5
0345,689.5,294.5
0345,705.5,470.5
0345,601.5,412.5
0345,805.5,310.5
0345,769.5,395.5
0346,797.5,419.5
0346,707.5,364.5
0346,775.5,270.5
0346,592.5,345.5
0346,702.5,243.5
0346,734.5,310.5
0346,639.5,438.5
0346,708.5,470.5
0346,618.5,384.5
0346,601.5,410.5
0346,748.5,257.5
0346,688.5,295.5
0346,652.5,259.5
0346,805.5,310.5
0346,766.5,397.5
0347,649.5,257.5
0347,705.5,364.5
0347,602.5,413.5
0347,776.5,269.5
0347,618.5,382.5
0347,803.5,311.5
0347,798.5,420.5
0347,592.5,343.5
0347,639.5,438.5
0347,736.5,310.5
0347,704.5,242.5
0347,749.5,256.5
0347,689.5,294.5
0347,769.5,398.5
0347,707.5,472.5
0349,735.5,311.5
0349,777.5,270.5
0349,603.5,410.5
0349,639.5,438.5
0349,798.5,416.5
0349,704.5,472.5
0349,649.5,257.5
0349,591.5,345.5
0349,703.5,242.5
0349,805.5,310.5
0349,616.5,386.5
0349,688.5,296.5
0349,705.5,366.5
0349,753.5,255.5
0349,768.5,398.5
0350,750.5,256.5
0350,639.5,438.5
0350,705.5,364.5
0350,688.5,295.5
0350,592.5,345.5
0350,707.5,241.5
0350,603.5,412.5
0350,704.5,471.5
0350,804.5,309.5
0350,736.5,310.5
0350,776.5,270.5
0350,618.5,384.5
0350,651.5,258.5
0350,799.5,416.5
0350,769.5,395.5
0351,776.5,269.5
0351,798.5,414.5
0351,702.5,242.5
0351,639.5,438.5
0351,588.5,344.5
0351,734.5,312.5
0351,751.5,254.5
0351,602.5,411.5
0351,616.5,383.5
0351,703.5,471.5
0351,651.5,258.5
0351,688.5,295.5
0351,705.5,366.5
0351,806.5,311.5
0351,768.5,398.5
0353,776.5,269.5
0353,705.5,364.5
0353,800.5,415.5
0353,592.5,345.5
0353,639.5,438.5
0353,600.5,409.5
0353,688.5,295.5
0353,751.5,253.5
0353,704.5,242.5
0353,650.5,259.5
0353,706.5,471.5
0353,735.5,310.5
0353,618.5,384.5
0353,803.5,309.5
0353,769.5,395.5
0356,799.5,419.5
0356,687.5,294.5
0356,702.5,243.5
0356,705.5,364.5
0356,776.5,269.5
0356,650.5,256.5
0356,751.5,255.5
0356,639.5,439.5
0356,804.5,313.5
0356,601.5,408.5
0356,734.5,312.5
0356,592.5,345.5
0356,616.5,383.5
0356,706.5,473.5
0356,770.5,398.5
0357,798.5,416.5
0357,776.5,269.5
0357,589.5,344.5
0357,649.5,257.5
0357,705.5,364.5
0357,750.5,257.5
0357,734.5,312.5
0357,618.5,384.5
0357,689.5,294.5
0357,599.5,410.5
0357,707.5,471.5
0357,639.5,436.5
0357,803.5,309.5
0357,769.5,395.5
0357,704.5,242.5
0358,650.5,256.5
0358,776.5,269.5
0358,617.5,384.5
0358,639.5,438.5
0358,588.5,344.5
0358,704.5,366.5
0358,800.5,416.5
0358,703.5,244.5
0358,602.5,411.5
0358,751.5,254.5
0358,688.5,296.5
0358,708.5,470.5
0358,803.5,309.5
0358,734.5,310.5
0358,769.5,397.5
0359,776.5,269.5
0359,688.5,295.5
0359,639.5,438.5
0359,705.5,364.5
0359,704.5,472.5
0359,734.5,312.5
0359,803.5,311.5
0359,799.5,420.5
0359,702.5,243.5
0359,590.5,344.5
0359,601.5,408.5
0359,750.5,257.5
0359,618.5,384.5
0359,769.5,396.5
0359,651.5,258.5
0360,733.5,310.5
0360,649.5,257.5
0360,801.5,415.5
0360,805.5,311.5
0360,778.5,268.5
0360,616.5,383.5
0360,639.5,438.5
0360,702.5,243.5
0360,704.5,471.5
0360,751.5,254.5
0360,689.5,294.5
0360,590.5,344.5
0360,601.5,410.5
0360,706.5,366.5
0360,769.5,398.5
0362,704.5,472.5
0362,776.5,269.5
0362,733.5,311.5
0362,751.5,255.5
0362,707.5,364.5
0362,799.5,416.5
0362,601.5,408.5
0362,641.5,438.5
0362,703.5,242.5
0362,803.5,311.5
0362,688.5,293.5
0362,651.5,258.5
0362,592.5,345.5
0362,618.5,384.5
0362,767.5,397.5
0363,776.5,269.5
0363,602.5,409.5
0363,798.5,416.5
0363,639.5,438.5
0363,706.5,243.5
0363,689.5,293.5
0363,707.5,472.5
0363,616.5,383.5
0363,592.5,344.5
0363,734.5,309.5
0363,769.5,398.5
0363,751.5,253.5
0363,652.5,258.5
0363,704.5,362.5
0363,801.5,314.5
0364,704.5,472.5
0364,589.5,344.5
0364,639.5,438.5
0364,705.5,364.5
0364,650.5,256.5
0364,617.5,384.5
0364,602.5,409.5
0364,776.5,269.5
0364,734.5,312.5
0364,704.5,242.5
0364,803.5,311.5
0364,751.5,256.5
0364,688.5,294.5
0364,799.5,416.5
0364,770.5,398.5
0365,705.5,364.5
0365,776.5,269.5
0365,803.5,313.5
0365,639.5,438.5
0365,734.5,310.5
0365,797.5,415.5
0365,600.5,409.5
0365,689.5,293.5
0365,702.5,242.5
0365,590.5,344.5
0365,651.5,258.5
0365,751.5,255.5
0365,618.5,384.5
0365,709.5,471.5
0365,768.5,398.5
0366,639.5,438.5
0366,797.5,418.5
0366,589.5,344.5
0366,703.5,244.5
0366,602.5,411.5
0366,648.5,257.5
0366,751.5,258.5
0366,769.5,398.5
0366,805.5,310.5
0366,688.5,295.5
0366,708.5,470.5
0366,737.5,312.5
0366,778.5,268.5
0366,619.5,384.5
0366,705.5,362.5
0367,776.5,269.5
0367,588.5,343.5
0367,704.5,366.5
0367,639.5,438.5
0367,707.5,470.5
0367,601.5,410.5
0367,750.5,254.5
0367,706.5,243.5
0367,649.5,257.5
0367,796.5,417.5
0367,733.5,309.5
0367,690.5,293.5
0367,803.5,309.5
0367,618.5,383.5
0367,768.5,398.5
0368,603.5,410.5
0368,617.5,384.5
0368,639.5,438.5
0368,689.5,295.5
0368,805.5,310.5
0368,653.5,258.5
0368,751.5,255.5
0368,589.5,343.5
0368,799.5,415.5
0368,704.5,471.5
0368,736.5,310.5
0368,769.5,395.5
0368,777.5,270.5
0368,703.5,365.5
0368,703.5,241.5
0369,797.5,419.5
0369,702.5,243.5
0369,603.5,410.5
0369,653.5,258.5
0369,751.5,255.5
0369,734.5,312.5
0369,592.5,345.5
0369,617.5,383.5
0369,639.5,438.5
0369,777.5,267.5
0369,687.5,295.5
0369,706.5,363.5
0369,708.5,470.5
0369,805.5,310.5
0369,767.5,398.5
0370,776.5,269.5
0370,704.5,472.5
0370,804.5,313.5
0370,799.5,414.5
0370,705.5,364.5
0370,592.5,345.5
0370,599.5,410.5
0370,652.5,257.5
0370,618.5,384.5
0370,689.5,294.5
0370,769.5,395.5
0370,639.5,438.5
0370,734.5,309.5
0370,748.5,257.5
0370,704.5,243.5
0375,798.5,416.5
0375,803.5,311.5
0375,589.5,345.5
0375,704.5,242.5
0375,639.5,438.5
0375,776.5,269.5
0375,751.5,257.5
0375,705.5,364.5
0375,705.5,470.5
0375,734.5,312.5
0375,653.5,258.5
0375,688.5,295.5
0375,600.5,411.5
0375,614.5,386.5
0375,768.5,398.5
0381,689.5,295.5
0381,600.5,409.5
0381,590.5,344.5
0381,751.5,255.5
0381,705.5,364.5
0381,707.5,471.5
0381,777.5,271.5
0381,617.5,385.5
0381,651.5,258.5
0381,734.5,310.5
0381,799.5,416.5
0381,768.5,398.5
0381,641.5,438.5
0381,702.5,243.5
0381,803.5,309.5
0382,617.5,384.5
0382,705.5,470.5
0382,798.5,416.5
0382,703.5,242.5
0382,751.5,255.5
0382,639.5,438.5
0382,687.5,294.5
0382,602.5,413.5
0382,651.5,258.5
0382,707.5,363.5
0382,777.5,271.5
0382,590.5,345.5
0382,736.5,311.5
0382,801.5,311.5
0382,767.5,398.5
0383,705.5,364.5
0383,617.5,384.5
0383,706.5,242.5
0383,639.5,438.5
0383,705.5,471.5
0383,751.5,255.5
0383,779.5,268.5
0383,689.5,294.5
0383,601.5,408.5
0383,591.5,345.5
0383,733.5,310.5
0383,801.5,417.5
0383,651.5,258.5
0383,805.5,310.5
0383,769.5,397.5
0384,617.5,384.5
0384,686.5,294.5
0384,639.5,438.5
0384,705.5,364.5
0384,797.5,417.5
0384,776.5,269.5
0384,735.5,310.5
0384,705.5,470.5
0384,805.5,312.5
0384,603.5,409.5
0384,652.5,257.5
0384,703.5,243.5
0384,770.5,397.5
0384,589.5,345.5
0384,748.5,257.5
0385,617.5,384.5
0385,705.5,364.5
0385,638.5,439.5
0385,799.5,419.5
0385,751.5,255.5
0385,651.5,256.5
0385,733.5,310.5
0385,777.5,268.5
0385,600.5,410.5
0385,689.5,294.5
0385,591.5,342.5
0385,702.5,242.5
0385,804.5,308.5
0385,767.5,397.5
0385,706.5,468.5
0386,618.5,384.5
0386,705.5,364.5
0386,799.5,420.5
0386,751.5,255.5
0386,649.5,257.5
0386,639.5,438.5
0386,602.5,409.5
0386,592.5,345.5
0386,773.5,270.5
0386,707.5,470.5
0386,734.5,312.5
0386,703.5,243.5
0386,686.5,297.5
0386,768.5,398.5
0386,804.5,311.5
0387,705.5,364.5
0387,617.5,384.5
0387,649.5,257.5
0387,704.5,472.5
0387,776.5,269.5
0387,751.5,255.5
0387,799.5,416.5
0387,639.5,438.5
0387,767.5,397.5
0387,702.5,242.5
0387,803.5,313.5
0387,590.5,344.5
0387,734.5,310.5
0387,600.5,409.5
0387,690.5,296.5
0389,639.5,438.5
0389,589.5,345.5
0389,617.5,384.5
0389,705.5,364.5
0389,751.5,255.5
0389,734.5,312.5
0389,704.5,472.5
0389,803.5,311.5
0389,770.5,397.5
0389,776.5,269.5
0389,651.5,258.5
0389,799.5,415.5
0389,602.5,413.5
0389,687.5,296.5
0389,705.5,242.5
0390,751.5,255.5
0390,639.5,438.5
0390,733.5,312.5
0390,618.5,384.5
0390,703.5,242.5
0390,601.5,408.5
0390,592.5,343.5
0390,777.5,268.5
0390,800.5,415.5
0390,650.5,259.5
0390,687.5,294.5
0390,706.5,364.5
0390,768.5,398.5
0390,705.5,469.5
0390,804.5,311.5
0391,639.5,438.5
0391,704.5,471.5
0391,751.5,255.5
0391,617.5,384.5
0391,805.5,310.5
0391,706.5,363.5
0391,779.5,268.5
0391,769.5,397.5
0391,593.5,344.5
0391,734.5,309.5
0391,601.5,412.5
0391,653.5,257.5
0391,703.5,243.5
0391,799.5,416.5
0391,687.5,296.5
0392,617.5,384.5
0392,705.5,364.5
0392,706.5,242.5
0392,639.5,438.5
0392,600.5,409.5
0392,687.5,294.5
0392,775.5,269.5
0392,591.5,346.5
0392,799.5,415.5
0392,705.5,470.5
0392,652.5,257.5
0392,752.5,256.5
0392,734.5,311.5
0392,770.5,397.5
0392,805.5,312.5
