15,701.5,356.5,125.1
0000,594.5,328.5
0000,773.5,371.5
0000,809.5,382.5
0000,807.5,317.5
0000,686.5,358.5
0000,795.5,413.5
0000,717.5,357.5
0000,592.5,356.5
0000,774.5,343.5
0000,811.5,351.5
0000,659.5,357.5
0000,745.5,357.5
0000,630.5,371.5
0000,598.5,388.5
0000,630.5,343.5
0001,659.5,358.5
0001,593.5,358.5
0001,718.5,356.5
0001,773.5,371.5
0001,809.5,382.5
0001,594.5,328.5
0001,811.5,351.5
0001,690.5,360.5
0001,747.5,354.5
0001,772.5,342.5
0001,795.5,413.5
0001,631.5,372.5
0001,596.5,388.5
0001,630.5,343.5
0001,806.5,318.5
0002,593.5,358.5
0002,594.5,328.5
0002,718.5,356.5
0002,809.5,382.5
0002,690.5,358.5
0002,746.5,354.5
0002,797.5,413.5
0002,773.5,371.5
0002,812.5,351.5
0002,773.5,342.5
0002,598.5,388.5
0002,630.5,369.5
0002,659.5,355.5
0002,808.5,315.5
0002,630.5,345.5
0003,593.5,358.5
0003,594.5,328.5
0003,773.5,371.5
0003,808.5,315.5
0003,809.5,382.5
0003,686.5,358.5
0003,811.5,353.5
0003,797.5,411.5
0003,746.5,354.5
0003,771.5,343.5
0003,630.5,372.5
0003,716.5,355.5
0003,596.5,388.5
0003,659.5,355.5
0003,629.5,343.5
0004,593.5,358.5
0004,809.5,382.5
0004,594.5,328.5
0004,812.5,351.5
0004,773.5,371.5
0004,598.5,387.5
0004,808.5,316.5
0004,688.5,357.5
0004,773.5,344.5
0004,795.5,413.5
0004,656.5,356.5
0004,718.5,355.5
0004,745.5,354.5
0004,630.5,372.5
0004,630.5,342.5
0005,659.5,358.5
0005,593.5,358.5
0005,594.5,328.5
0005,773.5,371.5
0005,772.5,342.5
0005,809.5,382.5
0005,811.5,351.5
0005,685.5,360.5
0005,746.5,354.5
0005,631.5,344.5
0005,716.5,356.5
0005,598.5,387.5
0005,793.5,411.5
0005,632.5,373.5
0005,804.5,315.5
0007,594.5,328.5
0007,593.5,358.5
0007,773.5,371.5
0007,809.5,382.5
0007,812.5,351.5
0007,746.5,354.5
0007,718.5,356.5
0007,631.5,371.5
0007,808.5,317.5
0007,775.5,342.5
0007,686.5,360.5
0007,796.5,413.5
0007,659.5,356.5
0007,629.5,343.5
0007,598.5,388.5
0012,815.5,347.5
0012,588.5,341.5
0012,813.5,379.5
0012,785.5,352.5
0012,665.5,346.5
0012,684.5,373.5
0012,740.5,311.5
0012,603.5,381.5
0012,726.5,344.5
0012,626.5,357.5
0012,601.5,309.5
0012,760.5,340.5
0012,625.5,328.5
0012,748.5,409.5
0012,801.5,308.5
0015,626.5,354.5
0015,765.5,300.5
0015,647.5,326.5
0015,591.5,330.5
0015,636.5,283.5
0015,694.5,360.5
0015,785.5,331.5
0015,782.5,403.5
0015,612.5,305.5
0015,754.5,328.5
0015,601.5,372.5
0015,787.5,376.5
0015,734.5,375.5
0015,792.5,289.5
0015,813.5,337.5
0018,609.5,395.5
0018,701.5,280.5
0018,624.5,334.5
0018,770.5,383.5
0018,728.5,455.5
0018,589.5,337.5
0018,816.5,358.5
0018,753.5,352.5
0018,773.5,323.5
0018,761.5,256.5
0018,601.5,308.5
0018,748.5,288.5
0018,627.5,275.5
0018,797.5,420.5
0018,785.5,290.5
0019,592.5,338.5
0019,764.5,348.5
0019,784.5,293.5
0019,815.5,362.5
0019,624.5,276.5
0019,627.5,332.5
0019,791.5,425.5
0019,748.5,285.5
0019,723.5,467.5
0019,765.5,385.5
0019,718.5,275.5
0019,602.5,410.5
0019,765.5,321.5
0019,753.5,256.5
0019,600.5,311.5
0023,759.5,256.5
0023,655.5,335.5
0023,814.5,358.5
0023,618.5,282.5
0023,751.5,368.5
0023,760.5,296.5
0023,590.5,372.5
0023,607.5,414.5
0023,805.5,314.5
0023,788.5,376.5
0023,745.5,463.5
0023,731.5,274.5
0023,715.5,468.5
0023,723.5,245.5
0023,590.5,335.5
0024,814.5,358.5
0024,752.5,460.5
0024,725.5,273.5
0024,762.5,297.5
0024,801.5,309.5
0024,756.5,259.5
0024,590.5,340.5
0024,718.5,469.5
0024,700.5,245.5
0024,669.5,333.5
0024,606.5,412.5
0024,746.5,365.5
0024,783.5,366.5
0024,617.5,283.5
0024,593.5,379.5
0028,750.5,397.5
0028,739.5,437.5
0028,717.5,260.5
0028,603.5,306.5
0028,682.5,282.5
0028,598.5,399.5
0028,680.5,245.5
0028,762.5,306.5
0028,591.5,332.5
0028,706.5,304.5
0028,814.5,348.5
0028,599.5,361.5
0028,808.5,319.5
0028,762.5,373.5
0028,769.5,426.5
0031,814.5,346.5
0031,595.5,389.5
0031,733.5,337.5
0031,666.5,268.5
0031,784.5,300.5
0031,624.5,316.5
0031,754.5,300.5
0031,686.5,245.5
0031,755.5,365.5
0031,738.5,404.5
0031,729.5,280.5
0031,778.5,343.5
0031,607.5,353.5
0031,594.5,324.5
0031,773.5,420.5
0032,596.5,394.5
0032,785.5,348.5
0032,634.5,323.5
0032,741.5,332.5
0032,683.5,246.5
0032,749.5,303.5
0032,598.5,317.5
0032,815.5,348.5
0032,759.5,360.5
0032,745.5,385.5
0032,670.5,277.5
0032,756.5,411.5
0032,608.5,346.5
0032,777.5,293.5
0032,725.5,283.5
0035,695.5,300.5
0035,594.5,344.5
0035,725.5,285.5
0035,649.5,258.5
0035,598.5,315.5
0035,736.5,341.5
0035,778.5,355.5
0035,814.5,366.5
0035,754.5,299.5
0035,600.5,403.5
0035,802.5,335.5
0035,712.5,388.5
0035,665.5,333.5
0035,763.5,261.5
0035,771.5,323.5
0036,688.5,302.5
0036,810.5,318.5
0036,749.5,296.5
0036,728.5,350.5
0036,597.5,403.5
0036,814.5,367.5
0036,590.5,349.5
0036,597.5,320.5
0036,690.5,370.5
0036,780.5,315.5
0036,757.5,264.5
0036,638.5,265.5
0036,673.5,330.5
0036,782.5,346.5
0036,719.5,277.5
0041,686.5,348.5
0041,615.5,296.5
0041,728.5,306.5
0041,780.5,274.5
0041,799.5,301.5
0041,693.5,405.5
0041,790.5,351.5
0041,706.5,256.5
0041,810.5,327.5
0041,587.5,366.5
0041,812.5,373.5
0041,597.5,332.5
0041,597.5,395.5
0041,692.5,314.5
0041,644.5,314.5
0044,591.5,382.5
0044,805.5,317.5
0044,810.5,385.5
0044,769.5,351.5
0044,756.5,296.5
0044,589.5,353.5
0044,620.5,281.5
0044,682.5,365.5
0044,728.5,325.5
0044,747.5,425.5
0044,790.5,292.5
0044,708.5,244.5
0044,762.5,264.5
0044,638.5,315.5
0044,613.5,330.5
0045,747.5,351.5
0045,737.5,320.5
0045,683.5,363.5
0045,765.5,262.5
0045,812.5,385.5
0045,607.5,324.5
0045,619.5,280.5
0045,716.5,250.5
0045,786.5,288.5
0045,589.5,379.5
0045,772.5,405.5
0045,590.5,350.5
0045,633.5,310.5
0045,807.5,316.5
0045,747.5,292.5
0048,621.5,330.5
0048,811.5,384.5
0048,587.5,338.5
0048,736.5,315.5
0048,767.5,262.5
0048,595.5,393.5
0048,754.5,368.5
0048,602.5,306.5
0048,744.5,281.5
0048,693.5,329.5
0048,642.5,353.5
0048,660.5,297.5
0048,759.5,338.5
0048,766.5,308.5
0048,805.5,312.5
0051,769.5,330.5
0051,604.5,412.5
0051,749.5,285.5
0051,594.5,332.5
0051,739.5,324.5
0051,781.5,356.5
0051,811.5,387.5
0051,646.5,356.5
0051,609.5,375.5
0051,616.5,310.5
0051,801.5,328.5
0051,781.5,301.5
0051,733.5,261.5
0051,678.5,284.5
0051,668.5,249.5
0052,623.5,311.5
0052,659.5,349.5
0052,595.5,328.5
0052,667.5,251.5
0052,791.5,298.5
0052,805.5,329.5
0052,792.5,356.5
0052,605.5,417.5
0052,606.5,385.5
0052,734.5,274.5
0052,762.5,287.5
0052,740.5,322.5
0052,808.5,392.5
0052,769.5,331.5
0052,679.5,277.5
0053,797.5,294.5
0053,810.5,356.5
0053,804.5,397.5
0053,654.5,254.5
0053,745.5,283.5
0053,667.5,346.5
0053,685.5,259.5
0053,771.5,333.5
0053,615.5,388.5
0053,608.5,418.5
0053,632.5,302.5
0053,744.5,314.5
0053,799.5,330.5
0053,594.5,326.5
0053,777.5,273.5
0056,778.5,392.5
0056,680.5,336.5
0056,595.5,388.5
0056,809.5,375.5
0056,641.5,294.5
0056,798.5,296.5
0056,609.5,298.5
0056,630.5,396.5
0056,672.5,249.5
0056,761.5,342.5
0056,746.5,262.5
0056,777.5,273.5
0056,789.5,332.5
0056,748.5,295.5
0056,644.5,264.5
0057,612.5,295.5
0057,633.5,398.5
0057,781.5,331.5
0057,639.5,266.5
0057,801.5,298.5
0057,685.5,335.5
0057,759.5,356.5
0057,772.5,277.5
0057,746.5,252.5
0057,595.5,378.5
0057,663.5,252.5
0057,648.5,301.5
0057,732.5,288.5
0057,812.5,377.5
0057,780.5,388.5
0060,813.5,377.5
0060,774.5,314.5
0060,775.5,362.5
0060,664.5,295.5
0060,592.5,370.5
0060,701.5,340.5
0060,668.5,259.5
0060,761.5,257.5
0060,639.5,266.5
0060,732.5,246.5
0060,658.5,372.5
0060,719.5,315.5
0060,633.5,295.5
0060,787.5,395.5
0060,789.5,287.5
0061,632.5,266.5
0061,763.5,310.5
0061,790.5,396.5
0061,786.5,361.5
0061,698.5,353.5
0061,636.5,298.5
0061,785.5,279.5
0061,668.5,293.5
0061,663.5,264.5
0061,814.5,372.5
0061,594.5,366.5
0061,759.5,262.5
0061,654.5,359.5
0061,706.5,318.5
0061,726.5,246.5
0062,636.5,302.5
0062,794.5,394.5
0062,631.5,272.5
0062,785.5,364.5
0062,759.5,258.5
0062,592.5,364.5
0062,815.5,371.5
0062,641.5,360.5
0062,704.5,360.5
0062,782.5,273.5
0062,778.5,304.5
0062,665.5,292.5
0062,709.5,253.5
0062,659.5,255.5
0062,703.5,323.5
0064,815.5,349.5
0064,775.5,298.5
0064,811.5,381.5
0064,679.5,390.5
0064,671.5,351.5
0064,637.5,301.5
0064,598.5,349.5
0064,780.5,379.5
0064,628.5,269.5
0064,661.5,286.5
0064,622.5,367.5
0064,734.5,247.5
0064,660.5,253.5
0064,713.5,273.5
0064,766.5,260.5
0072,813.5,370.5
0072,811.5,317.5
0072,679.5,247.5
0072,634.5,350.5
0072,778.5,303.5
0072,677.5,288.5
0072,766.5,263.5
0072,620.5,408.5
0072,611.5,293.5
0072,634.5,381.5
0072,591.5,372.5
0072,646.5,259.5
0072,705.5,274.5
0072,779.5,331.5
0072,773.5,415.5
0073,767.5,412.5
0073,611.5,410.5
0073,774.5,331.5
0073,765.5,263.5
0073,810.5,361.5
0073,630.5,388.5
0073,608.5,300.5
0073,806.5,312.5
0073,642.5,355.5
0073,687.5,302.5
0073,781.5,292.5
0073,715.5,278.5
0073,681.5,244.5
0073,593.5,376.5
0073,647.5,258.5
0074,626.5,382.5
0074,652.5,367.5
0074,726.5,262.5
0074,800.5,303.5
0074,773.5,325.5
0074,604.5,417.5
0074,679.5,251.5
0074,700.5,307.5
0074,781.5,282.5
0074,806.5,363.5
0074,772.5,397.5
0074,760.5,259.5
0074,594.5,382.5
0074,649.5,259.5
0074,605.5,302.5
0075,702.5,316.5
0075,792.5,353.5
0075,726.5,256.5
0075,595.5,385.5
0075,680.5,248.5
0075,792.5,306.5
0075,621.5,371.5
0075,788.5,384.5
0075,644.5,259.5
0075,757.5,258.5
0075,609.5,420.5
0075,665.5,379.5
0075,782.5,278.5
0075,605.5,300.5
0075,764.5,324.5
0079,634.5,375.5
0079,728.5,352.5
0079,651.5,326.5
0079,772.5,270.5
0079,626.5,343.5
0079,659.5,403.5
0079,622.5,278.5
0079,756.5,296.5
0079,717.5,250.5
0079,750.5,253.5
0079,812.5,359.5
0079,686.5,245.5
0079,607.5,391.5
0079,657.5,260.5
0079,763.5,337.5
0080,764.5,295.5
0080,654.5,260.5
0080,657.5,333.5
0080,713.5,364.5
0080,612.5,373.5
0080,740.5,252.5
0080,666.5,398.5
0080,679.5,247.5
0080,815.5,353.5
0080,623.5,275.5
0080,750.5,345.5
0080,628.5,333.5
0080,768.5,263.5
0080,648.5,364.5
0080,711.5,246.5
0081,604.5,357.5
0081,625.5,275.5
0081,690.5,376.5
0081,626.5,332.5
0081,652.5,258.5
0081,674.5,404.5
0081,666.5,340.5
0081,712.5,246.5
0081,813.5,349.5
0081,762.5,273.5
0081,769.5,301.5
0081,634.5,363.5
0081,743.5,251.5
0081,679.5,246.5
0081,756.5,355.5
0082,755.5,373.5
0082,815.5,345.5
0082,764.5,276.5
0082,686.5,390.5
0082,589.5,358.5
0082,651.5,257.5
0082,618.5,362.5
0082,771.5,307.5
0082,669.5,414.5
0082,667.5,352.5
0082,744.5,254.5
0082,679.5,246.5
0082,626.5,273.5
0082,624.5,335.5
0082,711.5,247.5
0085,607.5,363.5
0085,684.5,401.5
0085,815.5,370.5
0085,649.5,258.5
0085,793.5,394.5
0085,693.5,337.5
0085,783.5,280.5
0085,707.5,243.5
0085,594.5,335.5
0085,742.5,285.5
0085,762.5,260.5
0085,654.5,444.5
0085,792.5,309.5
0085,628.5,332.5
0085,627.5,274.5
0086,816.5,364.5
0086,626.5,285.5
0086,752.5,256.5
0086,624.5,324.5
0086,593.5,336.5
0086,618.5,354.5
0086,685.5,391.5
0086,738.5,283.5
0086,773.5,312.5
0086,648.5,258.5
0086,712.5,246.5
0086,656.5,457.5
0086,778.5,276.5
0086,799.5,392.5
0086,698.5,311.5
0087,656.5,459.5
0087,683.5,383.5
0087,750.5,256.5
0087,593.5,335.5
0087,788.5,375.5
0087,623.5,349.5
0087,815.5,358.5
0087,629.5,287.5
0087,733.5,282.5
0087,647.5,256.5
0087,704.5,245.5
0087,625.5,319.5
0087,756.5,315.5
0087,775.5,280.5
0087,706.5,293.5
0091,694.5,414.5
0091,769.5,333.5
0091,785.5,278.5
0091,812.5,344.5
0091,605.5,299.5
0091,599.5,334.5
0091,641.5,336.5
0091,802.5,411.5
0091,654.5,254.5
0091,626.5,274.5
0091,714.5,261.5
0091,674.5,465.5
0091,686.5,249.5
0091,746.5,254.5
0091,720.5,293.5
0092,807.5,330.5
0092,640.5,344.5
0092,609.5,296.5
0092,804.5,404.5
0092,776.5,266.5
0092,685.5,468.5
0092,728.5,289.5
0092,744.5,252.5
0092,696.5,439.5
0092,776.5,346.5
0092,685.5,244.5
0092,596.5,328.5
0092,710.5,265.5
0092,629.5,270.5
0092,654.5,256.5
0094,734.5,460.5
0094,800.5,301.5
0094,604.5,297.5
0094,700.5,243.5
0094,731.5,282.5
0094,808.5,391.5
0094,691.5,288.5
0094,594.5,321.5
0094,628.5,273.5
0094,757.5,266.5
0094,695.5,460.5
0094,617.5,344.5
0094,777.5,362.5
0094,653.5,255.5
0094,729.5,247.5
0096,651.5,263.5
0096,714.5,278.5
0096,703.5,436.5
0096,755.5,458.5
0096,790.5,288.5
0096,660.5,294.5
0096,738.5,250.5
0096,626.5,274.5
0096,785.5,351.5
0096,812.5,381.5
0096,594.5,329.5
0096,622.5,330.5
0096,700.5,245.5
0096,606.5,298.5
0096,762.5,286.5
0097,812.5,377.5
0097,790.5,359.5
0097,659.5,303.5
0097,742.5,253.5
0097,708.5,246.5
0097,788.5,288.5
0097,594.5,334.5
0097,624.5,326.5
0097,693.5,426.5
0097,759.5,298.5
0097,603.5,303.5
0097,702.5,274.5
0097,770.5,447.5
0097,656.5,272.5
0097,623.5,277.5
0101,814.5,344.5
0101,747.5,396.5
0101,781.5,354.5
0101,634.5,307.5
0101,602.5,341.5
0101,685.5,280.5
0101,603.5,306.5
0101,657.5,279.5
0101,641.5,385.5
0101,680.5,343.5
0101,781.5,291.5
0101,746.5,263.5
0101,808.5,317.5
0101,717.5,246.5
0101,620.5,279.5
0103,610.5,342.5
0103,816.5,338.5
0103,606.5,374.5
0103,669.5,267.5
0103,744.5,267.5
0103,697.5,292.5
0103,750.5,413.5
0103,778.5,269.5
0103,796.5,314.5
0103,629.5,270.5
0103,705.5,354.5
0103,724.5,245.5
0103,598.5,313.5
0103,780.5,366.5
0103,628.5,300.5
0109,800.5,307.5
0109,791.5,394.5
0109,768.5,332.5
0109,646.5,267.5
0109,617.5,340.5
0109,649.5,297.5
0109,589.5,373.5
0109,672.5,248.5
0109,694.5,309.5
0109,699.5,255.5
0109,648.5,343.5
0109,784.5,278.5
0109,809.5,338.5
0109,759.5,258.5
0109,733.5,247.5
0110,592.5,382.5
0110,645.5,359.5
0110,752.5,320.5
0110,678.5,250.5
0110,655.5,300.5
0110,789.5,286.5
0110,807.5,350.5
0110,687.5,313.5
0110,799.5,316.5
0110,766.5,263.5
0110,616.5,341.5
0110,795.5,396.5
0110,654.5,269.5
0110,710.5,257.5
0110,740.5,252.5
0111,676.5,330.5
0111,639.5,367.5
0111,654.5,307.5
0111,797.5,294.5
0111,743.5,318.5
0111,798.5,326.5
0111,612.5,348.5
0111,798.5,387.5
0111,813.5,356.5
0111,745.5,264.5
0111,713.5,242.5
0111,773.5,267.5
0111,663.5,272.5
0111,594.5,383.5
0111,681.5,248.5
0112,623.5,376.5
0112,687.5,245.5
0112,666.5,349.5
0112,594.5,389.5
0112,719.5,247.5
0112,656.5,311.5
0112,815.5,358.5
0112,772.5,267.5
0112,790.5,326.5
0112,602.5,351.5
0112,721.5,316.5
0112,743.5,267.5
0112,799.5,387.5
0112,677.5,271.5
0112,791.5,292.5
0113,626.5,387.5
0113,744.5,278.5
0113,595.5,392.5
0113,697.5,242.5
0113,791.5,385.5
0113,699.5,322.5
0113,729.5,249.5
0113,662.5,366.5
0113,775.5,334.5
0113,793.5,292.5
0113,770.5,268.5
0113,607.5,350.5
0113,664.5,324.5
0113,815.5,367.5
0113,684.5,268.5
0115,767.5,306.5
0115,736.5,252.5
0115,817.5,358.5
0115,699.5,319.5
0115,597.5,390.5
0115,613.5,359.5
0115,738.5,294.5
0115,681.5,257.5
0115,677.5,405.5
0115,787.5,379.5
0115,646.5,422.5
0115,766.5,265.5
0115,793.5,288.5
0115,706.5,242.5
0115,673.5,338.5
0116,695.5,429.5
0116,733.5,292.5
0116,700.5,320.5
0116,710.5,247.5
0116,593.5,382.5
0116,796.5,292.5
0116,814.5,356.5
0116,682.5,247.5
0116,782.5,387.5
0116,669.5,340.5
0116,614.5,361.5
0116,762.5,298.5
0116,660.5,421.5
0116,771.5,263.5
0116,742.5,257.5
0122,668.5,429.5
0122,810.5,325.5
0122,711.5,277.5
0122,592.5,370.5
0122,623.5,333.5
0122,656.5,302.5
0122,703.5,406.5
0122,737.5,292.5
0122,783.5,393.5
0122,800.5,300.5
0122,707.5,329.5
0122,723.5,246.5
0122,766.5,293.5
0122,667.5,252.5
0122,760.5,260.5
0124,710.5,252.5
0124,765.5,263.5
0124,666.5,399.5
0124,594.5,382.5
0124,801.5,300.5
0124,770.5,299.5
0124,717.5,298.5
0124,811.5,330.5
0124,744.5,283.5
0124,707.5,418.5
0124,796.5,397.5
0124,595.5,319.5
0124,696.5,329.5
0124,749.5,350.5
0124,644.5,268.5
0125,712.5,256.5
0125,773.5,269.5
0125,663.5,389.5
0125,594.5,386.5
0125,646.5,276.5
0125,813.5,333.5
0125,690.5,427.5
0125,794.5,406.5
0125,707.5,339.5
0125,733.5,302.5
0125,598.5,320.5
0125,773.5,300.5
0125,740.5,269.5
0125,802.5,305.5
0125,770.5,357.5
0127,721.5,254.5
0127,802.5,305.5
0127,595.5,391.5
0127,651.5,447.5
0127,812.5,334.5
0127,722.5,373.5
0127,773.5,303.5
0127,631.5,381.5
0127,632.5,304.5
0127,769.5,423.5
0127,773.5,274.5
0127,751.5,253.5
0127,745.5,295.5
0127,789.5,354.5
0127,601.5,315.5
0131,779.5,323.5
0131,650.5,461.5
0131,816.5,346.5
0131,742.5,287.5
0131,608.5,354.5
0131,807.5,316.5
0131,780.5,276.5
0131,752.5,253.5
0131,591.5,380.5
0131,719.5,245.5
0131,599.5,317.5
0131,757.5,366.5
0131,620.5,384.5
0131,752.5,413.5
0131,713.5,401.5
0133,800.5,309.5
0133,664.5,449.5
0133,779.5,332.5
0133,733.5,247.5
0133,620.5,368.5
0133,598.5,325.5
0133,813.5,342.5
0133,725.5,403.5
0133,788.5,370.5
0133,758.5,416.5
0133,591.5,379.5
0133,780.5,279.5
0133,710.5,296.5
0133,761.5,261.5
0133,625.5,398.5
0140,698.5,395.5
0140,761.5,281.5
0140,662.5,406.5
0140,686.5,346.5
0140,651.5,361.5
0140,746.5,252.5
0140,615.5,430.5
0140,717.5,348.5
0140,589.5,372.5
0140,695.5,246.5
0140,812.5,335.5
0140,801.5,307.5
0140,730.5,289.5
0140,778.5,320.5
0140,610.5,393.5
0142,768.5,304.5
0142,739.5,249.5
0142,656.5,416.5
0142,674.5,345.5
0142,602.5,415.5
0142,665.5,250.5
0142,718.5,274.5
0142,730.5,358.5
0142,748.5,279.5
0142,592.5,378.5
0142,696.5,375.5
0142,628.5,399.5
0142,807.5,325.5
0142,796.5,294.5
0142,704.5,332.5
0144,731.5,279.5
0144,647.5,389.5
0144,772.5,311.5
0144,726.5,314.5
0144,593.5,378.5
0144,647.5,438.5
0144,801.5,304.5
0144,781.5,278.5
0144,703.5,355.5
0144,688.5,308.5
0144,604.5,414.5
0144,726.5,247.5
0144,698.5,264.5
0144,649.5,259.5
0144,736.5,381.5
0150,813.5,376.5
0150,619.5,398.5
0150,674.5,343.5
0150,723.5,272.5
0150,728.5,303.5
0150,592.5,346.5
0150,661.5,252.5
0150,687.5,270.5
0150,672.5,316.5
0150,740.5,398.5
0150,758.5,302.5
0150,658.5,428.5
0150,779.5,275.5
0150,708.5,240.5
0150,632.5,280.5
0152,700.5,418.5
0152,590.5,345.5
0152,678.5,441.5
0152,689.5,256.5
0152,814.5,365.5
0152,762.5,294.5
0152,662.5,304.5
0152,713.5,277.5
0152,733.5,308.5
0152,611.5,408.5
0152,622.5,312.5
0152,649.5,256.5
0152,718.5,246.5
0152,770.5,266.5
0152,665.5,354.5
0153,701.5,423.5
0153,675.5,355.5
0153,771.5,299.5
0153,591.5,349.5
0153,605.5,415.5
0153,648.5,259.5
0153,764.5,262.5
0153,814.5,361.5
0153,670.5,451.5
0153,708.5,281.5
0153,651.5,291.5
0153,723.5,247.5
0153,736.5,306.5
0153,689.5,255.5
0153,609.5,327.5
0154,662.5,444.5
0154,693.5,287.5
0154,650.5,257.5
0154,613.5,332.5
0154,778.5,303.5
0154,693.5,253.5
0154,755.5,323.5
0154,694.5,436.5
0154,641.5,284.5
0154,590.5,355.5
0154,756.5,258.5
0154,606.5,415.5
0154,816.5,350.5
0154,725.5,262.5
0154,688.5,355.5
0156,651.5,256.5
0156,692.5,464.5
0156,603.5,416.5
0156,711.5,335.5
0156,793.5,301.5
0156,625.5,276.5
0156,661.5,290.5
0156,633.5,343.5
0156,645.5,416.5
0156,736.5,283.5
0156,682.5,261.5
0156,591.5,363.5
0156,811.5,338.5
0156,783.5,348.5
0156,761.5,264.5
0158,800.5,301.5
0158,775.5,279.5
0158,614.5,288.5
0158,634.5,265.5
0158,590.5,366.5
0158,728.5,318.5
0158,653.5,293.5
0158,669.5,256.5
0158,606.5,419.5
0158,683.5,466.5
0158,657.5,376.5
0158,620.5,384.5
0158,809.5,332.5
0158,794.5,356.5
0158,747.5,292.5
0159,594.5,363.5
0159,779.5,274.5
0159,611.5,292.5
0159,619.5,382.5
0159,673.5,393.5
0159,686.5,466.5
0159,728.5,306.5
0159,799.5,302.5
0159,810.5,330.5
0159,636.5,265.5
0159,644.5,300.5
0159,609.5,421.5
0159,812.5,369.5
0159,669.5,272.5
0159,753.5,290.5
0162,647.5,258.5
0162,589.5,335.5
0162,789.5,293.5
0162,807.5,316.5
0162,622.5,354.5
0162,660.5,418.5
0162,811.5,351.5
0162,629.5,418.5
0162,647.5,292.5
0162,772.5,268.5
0162,610.5,295.5
0162,710.5,259.5
0162,722.5,441.5
0162,649.5,322.5
0162,744.5,282.5
0163,663.5,318.5
0163,803.5,357.5
0163,710.5,433.5
0163,652.5,254.5
0163,618.5,349.5
0163,624.5,412.5
0163,639.5,303.5
0163,659.5,414.5
0163,701.5,251.5
0163,763.5,262.5
0163,591.5,329.5
0163,804.5,308.5
0163,610.5,290.5
0163,738.5,280.5
0163,780.5,299.5
0167,602.5,410.5
0167,618.5,289.5
0167,779.5,277.5
0167,614.5,349.5
0167,638.5,263.5
0167,776.5,409.5
0167,688.5,243.5
0167,749.5,255.5
0167,749.5,288.5
0167,690.5,387.5
0167,597.5,313.5
0167,629.5,318.5
0167,687.5,278.5
0167,720.5,320.5
0167,715.5,469.5
0168,615.5,287.5
0168,595.5,390.5
0168,691.5,274.5
0168,701.5,241.5
0168,600.5,311.5
0168,716.5,379.5
0168,612.5,352.5
0168,627.5,325.5
0168,710.5,467.5
0168,770.5,273.5
0168,745.5,252.5
0168,760.5,424.5
0168,639.5,263.5
0168,748.5,295.5
0168,722.5,321.5
0171,617.5,347.5
0171,694.5,243.5
0171,772.5,302.5
0171,652.5,349.5
0171,633.5,268.5
0171,612.5,289.5
0171,604.5,320.5
0171,725.5,467.5
0171,725.5,434.5
0171,728.5,282.5
0171,799.5,341.5
0171,774.5,269.5
0171,736.5,252.5
0171,592.5,363.5
0171,737.5,316.5
0175,663.5,291.5
0175,629.5,273.5
0175,803.5,309.5
0175,787.5,282.5
0175,673.5,424.5
0175,732.5,250.5
0175,631.5,357.5
0175,609.5,299.5
0175,715.5,338.5
0175,636.5,307.5
0175,697.5,297.5
0175,591.5,347.5
0175,702.5,258.5
0175,774.5,311.5
0175,759.5,432.5
0176,781.5,278.5
0176,602.5,306.5
0176,589.5,351.5
0176,638.5,305.5
0176,669.5,305.5
0176,763.5,302.5
0176,671.5,430.5
0176,747.5,423.5
0176,730.5,254.5
0176,702.5,334.5
0176,612.5,367.5
0176,633.5,272.5
0176,704.5,291.5
0176,802.5,305.5
0176,696.5,256.5
0183,604.5,406.5
0183,723.5,368.5
0183,670.5,464.5
0183,780.5,328.5
0183,610.5,298.5
0183,785.5,297.5
0183,689.5,248.5
0183,652.5,252.5
0183,675.5,291.5
0183,814.5,348.5
0183,760.5,350.5
0183,624.5,380.5
0183,773.5,267.5
0183,706.5,300.5
0183,701.5,334.5
0184,766.5,264.5
0184,624.5,295.5
0184,692.5,256.5
0184,596.5,387.5
0184,699.5,371.5
0184,813.5,360.5
0184,659.5,257.5
0184,660.5,460.5
0184,702.5,303.5
0184,671.5,296.5
0184,625.5,367.5
0184,757.5,345.5
0184,692.5,332.5
0184,791.5,292.5
0184,774.5,323.5
0185,591.5,367.5
0185,797.5,297.5
0185,634.5,298.5
0185,677.5,369.5
0185,687.5,330.5
0185,654.5,458.5
0185,703.5,255.5
0185,813.5,376.5
0185,762.5,259.5
0185,769.5,314.5
0185,622.5,362.5
0185,672.5,247.5
0185,668.5,298.5
0185,707.5,305.5
0185,749.5,339.5
0187,689.5,248.5
0187,758.5,259.5
0187,718.5,300.5
0187,780.5,317.5
0187,612.5,381.5
0187,796.5,290.5
0187,677.5,286.5
0187,721.5,244.5
0187,634.5,325.5
0187,654.5,459.5
0187,746.5,312.5
0187,812.5,384.5
0187,698.5,324.5
0187,631.5,356.5
0187,593.5,344.5
0188,724.5,298.5
0188,790.5,287.5
0188,615.5,356.5
0188,614.5,397.5
0188,781.5,318.5
0188,696.5,318.5
0188,808.5,393.5
0188,696.5,246.5
0188,685.5,285.5
0188,646.5,455.5
0188,729.5,245.5
0188,592.5,339.5
0188,768.5,265.5
0188,634.5,329.5
0188,749.5,296.5
0190,603.5,354.5
0190,787.5,321.5
0190,591.5,328.5
0190,707.5,243.5
0190,760.5,300.5
0190,802.5,405.5
0190,679.5,303.5
0190,734.5,302.5
0190,734.5,249.5
0190,645.5,456.5
0190,610.5,418.5
0190,793.5,285.5
0190,761.5,269.5
0190,643.5,347.5
0190,704.5,272.5
0191,788.5,318.5
0191,788.5,286.5
0191,592.5,356.5
0191,765.5,265.5
0191,733.5,247.5
0191,642.5,352.5
0191,763.5,300.5
0191,716.5,274.5
0191,594.5,327.5
0191,606.5,416.5
0191,683.5,293.5
0191,704.5,243.5
0191,652.5,455.5
0191,732.5,299.5
0191,800.5,413.5
0192,606.5,417.5
0192,664.5,458.5
0192,698.5,246.5
0192,590.5,358.5
0192,731.5,248.5
0192,595.5,327.5
0192,708.5,269.5
0192,765.5,260.5
0192,763.5,297.5
0192,789.5,286.5
0192,732.5,290.5
0192,786.5,320.5
0192,677.5,283.5
0192,638.5,348.5
0192,791.5,407.5
0195,754.5,257.5
0195,805.5,364.5
0195,777.5,280.5
0195,700.5,439.5
0195,593.5,379.5
0195,673.5,246.5
0195,655.5,353.5
0195,708.5,241.5
0195,702.5,266.5
0195,754.5,303.5
0195,620.5,314.5
0195,641.5,262.5
0195,606.5,416.5
0195,727.5,248.5
0195,799.5,309.5
0197,623.5,280.5
0197,751.5,256.5
0197,592.5,384.5
0197,697.5,412.5
0197,650.5,349.5
0197,780.5,287.5
0197,723.5,244.5
0197,617.5,430.5
0197,726.5,274.5
0197,813.5,350.5
0197,695.5,262.5
0197,796.5,313.5
0197,663.5,253.5
0197,744.5,302.5
0197,658.5,292.5
0200,749.5,252.5
0200,658.5,405.5
0200,675.5,252.5
0200,769.5,337.5
0200,800.5,305.5
0200,591.5,371.5
0200,699.5,302.5
0200,727.5,278.5
0200,641.5,264.5
0200,712.5,244.5
0200,811.5,342.5
0200,695.5,274.5
0200,710.5,330.5
0200,613.5,333.5
0200,759.5,282.5
0202,705.5,297.5
0202,674.5,247.5
0202,766.5,362.5
0202,804.5,309.5
0202,591.5,367.5
0202,631.5,267.5
0202,658.5,400.5
0202,813.5,338.5
0202,756.5,283.5
0202,727.5,322.5
0202,717.5,245.5
0202,748.5,251.5
0202,603.5,336.5
0202,724.5,276.5
0202,693.5,265.5
0204,689.5,274.5
0204,758.5,282.5
0204,590.5,372.5
0204,809.5,328.5
0204,592.5,342.5
0204,616.5,287.5
0204,657.5,420.5
0204,713.5,277.5
0204,735.5,302.5
0204,745.5,254.5
0204,789.5,381.5
0204,697.5,306.5
0204,686.5,245.5
0204,803.5,301.5
0204,738.5,274.5
0207,685.5,243.5
0207,610.5,309.5
0207,599.5,403.5
0207,592.5,335.5
0207,807.5,398.5
0207,732.5,278.5
0207,811.5,335.5
0207,596.5,365.5
0207,669.5,286.5
0207,773.5,280.5
0207,697.5,294.5
0207,752.5,254.5
0207,734.5,310.5
0207,795.5,297.5
0207,716.5,245.5
0209,776.5,270.5
0209,650.5,305.5
0209,589.5,360.5
0209,709.5,270.5
0209,808.5,355.5
0209,686.5,314.5
0209,621.5,328.5
0209,742.5,284.5
0209,804.5,306.5
0209,593.5,328.5
0209,737.5,248.5
0209,681.5,245.5
0209,741.5,316.5
0209,802.5,405.5
0209,595.5,394.5
0210,778.5,272.5
0210,589.5,357.5
0210,596.5,324.5
0210,756.5,293.5
0210,795.5,366.5
0210,677.5,247.5
0210,627.5,334.5
0210,696.5,316.5
0210,737.5,248.5
0210,717.5,278.5
0210,596.5,392.5
0210,803.5,308.5
0210,797.5,407.5
0210,751.5,326.5
0210,640.5,305.5
0215,796.5,417.5
0215,777.5,272.5
0215,719.5,425.5
0215,634.5,265.5
0215,634.5,324.5
0215,758.5,298.5
0215,682.5,385.5
0215,798.5,297.5
0215,685.5,247.5
0215,619.5,296.5
0215,659.5,288.5
0215,752.5,260.5
0215,598.5,318.5
0215,595.5,391.5
0215,784.5,376.5
0217,659.5,286.5
0217,741.5,261.5
0217,786.5,394.5
0217,656.5,332.5
0217,634.5,299.5
0217,685.5,467.5
0217,634.5,267.5
0217,798.5,293.5
0217,752.5,291.5
0217,791.5,424.5
0217,694.5,268.5
0217,679.5,414.5
0217,775.5,269.5
0217,593.5,379.5
0217,604.5,304.5
0219,769.5,266.5
0219,795.5,402.5
0219,641.5,294.5
0219,590.5,363.5
0219,654.5,424.5
0219,710.5,267.5
0219,675.5,306.5
0219,778.5,441.5
0219,740.5,263.5
0219,750.5,290.5
0219,677.5,466.5
0219,641.5,262.5
0219,613.5,285.5
0219,781.5,308.5
0219,677.5,258.5
0221,621.5,281.5
0221,770.5,266.5
0221,591.5,363.5
0221,788.5,329.5
0221,751.5,292.5
0221,680.5,465.5
0221,714.5,271.5
0221,646.5,259.5
0221,652.5,295.5
0221,742.5,254.5
0221,668.5,435.5
0221,795.5,412.5
0221,685.5,292.5
0221,771.5,446.5
0221,681.5,247.5
0224,613.5,295.5
0224,698.5,386.5
0224,591.5,353.5
0224,663.5,290.5
0224,793.5,412.5
0224,659.5,461.5
0224,767.5,298.5
0224,796.5,385.5
0224,770.5,268.5
0224,742.5,260.5
0224,778.5,440.5
0224,717.5,245.5
0224,694.5,274.5
0224,684.5,248.5
0224,654.5,258.5
0225,703.5,273.5
0225,716.5,246.5
0225,656.5,254.5
0225,673.5,290.5
0225,797.5,418.5
0225,778.5,300.5
0225,591.5,346.5
0225,703.5,360.5
0225,662.5,460.5
0225,627.5,290.5
0225,774.5,437.5
0225,683.5,244.5
0225,794.5,389.5
0225,771.5,265.5
0225,740.5,271.5
0226,783.5,395.5
0226,795.5,421.5
0226,766.5,264.5
0226,656.5,255.5
0226,715.5,245.5
0226,667.5,440.5
0226,774.5,295.5
0226,628.5,301.5
0226,730.5,269.5
0226,590.5,341.5
0226,675.5,287.5
0226,705.5,335.5
0226,770.5,439.5
0226,683.5,246.5
0226,699.5,269.5
0227,701.5,309.5
0227,734.5,274.5
0227,796.5,419.5
0227,592.5,339.5
0227,657.5,256.5
0227,669.5,424.5
0227,761.5,274.5
0227,773.5,400.5
0227,700.5,272.5
0227,767.5,435.5
0227,689.5,243.5
0227,771.5,302.5
0227,617.5,303.5
0227,718.5,244.5
0227,676.5,286.5
0229,766.5,274.5
0229,592.5,351.5
0229,772.5,405.5
0229,704.5,273.5
0229,762.5,312.5
0229,657.5,296.5
0229,692.5,245.5
0229,625.5,388.5
0229,723.5,245.5
0229,666.5,264.5
0229,801.5,410.5
0229,695.5,303.5
0229,596.5,322.5
0229,739.5,287.5
0229,739.5,429.5
0230,692.5,309.5
0230,738.5,288.5
0230,799.5,413.5
0230,742.5,447.5
0230,693.5,241.5
0230,591.5,357.5
0230,700.5,275.5
0230,593.5,322.5
0230,613.5,374.5
0230,756.5,317.5
0230,770.5,283.5
0230,669.5,269.5
0230,774.5,400.5
0230,722.5,246.5
0230,653.5,296.5
0231,741.5,462.5
0231,801.5,411.5
0231,673.5,271.5
0231,778.5,390.5
0231,691.5,309.5
0231,720.5,247.5
0231,745.5,283.5
0231,607.5,385.5
0231,787.5,287.5
0231,690.5,240.5
0231,589.5,359.5
0231,655.5,295.5
0231,594.5,330.5
0231,745.5,326.5
0231,702.5,277.5
0234,721.5,278.5
0234,711.5,311.5
0234,757.5,340.5
0234,752.5,459.5
0234,709.5,248.5
0234,760.5,376.5
0234,589.5,365.5
0234,749.5,255.5
0234,754.5,293.5
0234,680.5,305.5
0234,687.5,270.5
0234,596.5,395.5
0234,596.5,332.5
0234,802.5,413.5
0234,804.5,306.5
0235,801.5,311.5
0235,592.5,362.5
0235,686.5,304.5
0235,763.5,452.5
0235,783.5,373.5
0235,595.5,389.5
0235,748.5,335.5
0235,764.5,292.5
0235,798.5,421.5
0235,690.5,269.5
0235,717.5,306.5
0235,736.5,279.5
0235,761.5,260.5
0235,595.5,330.5
0235,729.5,254.5
0237,778.5,289.5
0237,790.5,421.5
0237,611.5,419.5
0237,591.5,364.5
0237,687.5,266.5
0237,594.5,330.5
0237,812.5,372.5
0237,725.5,252.5
0237,807.5,313.5
0237,712.5,307.5
0237,737.5,282.5
0237,757.5,260.5
0237,743.5,349.5
0237,771.5,447.5
0237,681.5,298.5
0239,588.5,358.5
0239,812.5,364.5
0239,703.5,385.5
0239,795.5,401.5
0239,682.5,256.5
0239,598.5,316.5
0239,697.5,315.5
0239,785.5,287.5
0239,771.5,446.5
0239,767.5,266.5
0239,712.5,254.5
0239,724.5,284.5
0239,793.5,328.5
0239,636.5,418.5
0239,667.5,298.5
0241,713.5,350.5
0241,590.5,329.5
0241,812.5,348.5
0241,800.5,301.5
0241,778.5,274.5
0241,615.5,292.5
0241,694.5,253.5
0241,634.5,388.5
0241,778.5,329.5
0241,643.5,299.5
0241,666.5,417.5
0241,709.5,283.5
0241,805.5,405.5
0241,733.5,255.5
0241,777.5,432.5
0243,762.5,444.5
0243,758.5,366.5
0243,781.5,276.5
0243,752.5,272.5
0243,787.5,327.5
0243,692.5,241.5
0243,639.5,301.5
0243,595.5,315.5
0243,815.5,338.5
0243,632.5,434.5
0243,809.5,384.5
0243,803.5,301.5
0243,615.5,408.5
0243,702.5,274.5
0243,630.5,275.5
0244,640.5,263.5
0244,813.5,372.5
0244,797.5,298.5
0244,614.5,413.5
0244,814.5,337.5
0244,754.5,444.5
0244,779.5,274.5
0244,758.5,380.5
0244,629.5,298.5
0244,700.5,243.5
0244,749.5,278.5
0244,776.5,322.5
0244,599.5,309.5
0244,696.5,277.5
0244,619.5,438.5
0250,652.5,458.5
0250,783.5,281.5
0250,715.5,370.5
0250,778.5,329.5
0250,605.5,415.5
0250,804.5,307.5
0250,697.5,244.5
0250,699.5,281.5
0250,740.5,464.5
0250,726.5,252.5
0250,622.5,304.5
0250,813.5,341.5
0250,597.5,320.5
0250,759.5,259.5
0250,682.5,307.5
0251,759.5,257.5
0251,779.5,327.5
0251,605.5,419.5
0251,689.5,318.5
0251,688.5,275.5
0251,728.5,250.5
0251,742.5,462.5
0251,668.5,447.5
0251,597.5,322.5
0251,775.5,288.5
0251,622.5,301.5
0251,700.5,243.5
0251,812.5,335.5
0251,692.5,359.5
0251,801.5,304.5
0252,668.5,434.5
0252,613.5,424.5
0252,697.5,242.5
0252,673.5,357.5
0252,739.5,464.5
0252,636.5,303.5
0252,780.5,330.5
0252,688.5,274.5
0252,800.5,304.5
0252,724.5,252.5
0252,811.5,334.5
0252,773.5,289.5
0252,757.5,259.5
0252,697.5,323.5
0252,595.5,324.5
0253,773.5,299.5
0253,809.5,334.5
0253,685.5,275.5
0253,779.5,337.5
0253,646.5,303.5
0253,718.5,327.5
0253,725.5,259.5
0253,733.5,469.5
0253,656.5,352.5
0253,671.5,416.5
0253,692.5,245.5
0253,803.5,304.5
0253,591.5,332.5
0253,629.5,429.5
0253,761.5,270.5
0254,654.5,289.5
0254,684.5,394.5
0254,638.5,359.5
0254,591.5,333.5
0254,727.5,323.5
0254,681.5,245.5
0254,773.5,300.5
0254,755.5,270.5
0254,804.5,304.5
0254,684.5,278.5
0254,643.5,419.5
0254,774.5,341.5
0254,733.5,463.5
0254,726.5,257.5
0254,813.5,333.5
0255,738.5,467.5
0255,804.5,305.5
0255,729.5,309.5
0255,594.5,332.5
0255,764.5,342.5
0255,811.5,335.5
0255,649.5,289.5
0255,763.5,275.5
0255,693.5,372.5
0255,729.5,268.5
0255,766.5,304.5
0255,648.5,401.5
0255,625.5,383.5
0255,672.5,246.5
0255,698.5,275.5
0258,639.5,394.5
0258,739.5,350.5
0258,805.5,310.5
0258,612.5,414.5
0258,812.5,339.5
0258,704.5,243.5
0258,776.5,289.5
0258,694.5,270.5
0258,596.5,327.5
0258,687.5,301.5
0258,654.5,269.5
0258,750.5,461.5
0258,752.5,268.5
0258,720.5,284.5
0258,776.5,321.5
0259,696.5,268.5
0259,755.5,458.5
0259,713.5,356.5
0259,777.5,322.5
0259,625.5,382.5
0259,614.5,410.5
0259,666.5,259.5
0259,726.5,277.5
0259,808.5,318.5
0259,753.5,264.5
0259,781.5,292.5
0259,718.5,245.5
0259,808.5,359.5
0259,599.5,329.5
0259,676.5,292.5
0261,772.5,268.5
0261,624.5,404.5
0261,616.5,324.5
0261,690.5,242.5
0261,594.5,388.5
0261,783.5,297.5
0261,811.5,328.5
0261,773.5,326.5
0261,813.5,382.5
0261,693.5,398.5
0261,685.5,275.5
0261,739.5,250.5
0261,778.5,438.5
0261,716.5,275.5
0261,747.5,285.5
0262,743.5,251.5
0262,712.5,245.5
0262,749.5,289.5
0262,615.5,307.5
0262,771.5,266.5
0262,761.5,322.5
0262,790.5,296.5
0262,813.5,340.5
0262,697.5,425.5
0262,624.5,396.5
0262,719.5,286.5
0262,786.5,423.5
0262,687.5,261.5
0262,596.5,394.5
0262,808.5,389.5
0266,651.5,254.5
0266,747.5,462.5
0266,812.5,338.5
0266,771.5,267.5
0266,606.5,332.5
0266,762.5,306.5
0266,640.5,390.5
0266,747.5,335.5
0266,726.5,301.5
0266,787.5,292.5
0266,810.5,383.5
0266,601.5,408.5
0266,701.5,254.5
0266,746.5,250.5
0266,800.5,413.5
0269,812.5,321.5
0269,733.5,260.5
0269,798.5,389.5
0269,706.5,344.5
0269,719.5,300.5
0269,761.5,452.5
0269,766.5,273.5
0269,601.5,389.5
0269,688.5,245.5
0269,813.5,360.5
0269,664.5,278.5
0269,732.5,331.5
0269,747.5,303.5
0269,591.5,356.5
0269,785.5,304.5
0270,767.5,447.5
0270,663.5,297.5
0270,787.5,388.5
0270,589.5,356.5
0270,804.5,315.5
0270,749.5,324.5
0270,815.5,357.5
0270,597.5,389.5
0270,693.5,249.5
0270,709.5,302.5
0270,731.5,254.5
0270,744.5,296.5
0270,717.5,330.5
0270,763.5,270.5
0270,778.5,317.5
0274,714.5,343.5
0274,783.5,336.5
0274,767.5,263.5
0274,704.5,269.5
0274,683.5,249.5
0274,812.5,332.5
0274,782.5,396.5
0274,791.5,288.5
0274,592.5,360.5
0274,702.5,306.5
0274,759.5,317.5
0274,735.5,275.5
0274,599.5,404.5
0274,719.5,245.5
0274,778.5,363.5
0275,785.5,281.5
0275,592.5,355.5
0275,779.5,355.5
0275,702.5,272.5
0275,753.5,318.5
0275,731.5,342.5
0275,813.5,337.5
0275,697.5,306.5
0275,596.5,392.5
0275,782.5,326.5
0275,718.5,245.5
0275,761.5,260.5
0275,690.5,245.5
0275,788.5,386.5
0275,733.5,271.5
0277,781.5,369.5
0277,706.5,310.5
0277,705.5,271.5
0277,814.5,348.5
0277,599.5,399.5
0277,779.5,274.5
0277,691.5,243.5
0277,783.5,330.5
0277,724.5,248.5
0277,731.5,335.5
0277,751.5,310.5
0277,590.5,339.5
0277,736.5,281.5
0277,754.5,351.5
0277,756.5,260.5
0278,789.5,328.5
0278,754.5,310.5
0278,594.5,332.5
0278,705.5,306.5
0278,725.5,246.5
0278,758.5,262.5
0278,695.5,245.5
0278,746.5,352.5
0278,784.5,281.5
0278,817.5,347.5
0278,598.5,396.5
0278,779.5,370.5
0278,706.5,274.5
0278,728.5,326.5
0278,735.5,286.5
0279,731.5,318.5
0279,609.5,322.5
0279,740.5,286.5
0279,775.5,371.5
0279,816.5,349.5
0279,723.5,245.5
0279,712.5,272.5
0279,765.5,306.5
0279,595.5,394.5
0279,781.5,277.5
0279,704.5,302.5
0279,747.5,353.5
0279,756.5,262.5
0279,693.5,246.5
0279,798.5,313.5
0280,801.5,301.5
0280,780.5,271.5
0280,770.5,306.5
0280,744.5,286.5
0280,759.5,258.5
0280,620.5,301.5
0280,816.5,357.5
0280,697.5,303.5
0280,766.5,379.5
0280,751.5,349.5
0280,598.5,392.5
0280,699.5,251.5
0280,726.5,246.5
0280,717.5,277.5
0280,741.5,316.5
0284,789.5,286.5
0284,664.5,323.5
0284,732.5,362.5
0284,773.5,325.5
0284,813.5,342.5
0284,757.5,292.5
0284,784.5,362.5
0284,806.5,310.5
0284,741.5,256.5
0284,737.5,330.5
0284,772.5,263.5
0284,604.5,343.5
0284,682.5,297.5
0284,701.5,270.5
0284,713.5,303.5
0287,790.5,287.5
0287,748.5,353.5
0287,605.5,314.5
0287,807.5,316.5
0287,776.5,367.5
0287,771.5,267.5
0287,811.5,344.5
0287,762.5,297.5
0287,744.5,252.5
0287,623.5,347.5
0287,767.5,329.5
0287,673.5,308.5
0287,685.5,258.5
0287,755.5,384.5
0287,721.5,288.5
0288,807.5,316.5
0288,598.5,320.5
0288,816.5,347.5
0288,771.5,264.5
0288,794.5,290.5
0288,770.5,328.5
0288,746.5,349.5
0288,776.5,360.5
0288,631.5,359.5
0288,654.5,322.5
0288,688.5,257.5
0288,728.5,293.5
0288,743.5,251.5
0288,754.5,382.5
0288,763.5,295.5
0289,778.5,323.5
0289,592.5,335.5
0289,736.5,279.5
0289,686.5,246.5
0289,748.5,326.5
0289,759.5,297.5
0289,779.5,366.5
0289,772.5,268.5
0289,746.5,253.5
0289,791.5,289.5
0289,639.5,387.5
0289,808.5,321.5
0289,813.5,345.5
0289,638.5,324.5
0289,750.5,378.5
0290,790.5,285.5
0290,777.5,322.5
0290,774.5,365.5
0290,803.5,314.5
0290,760.5,294.5
0290,816.5,343.5
0290,770.5,263.5
0290,649.5,419.5
0290,591.5,344.5
0290,635.5,318.5
0290,745.5,321.5
0290,744.5,249.5
0290,694.5,243.5
0290,734.5,281.5
0290,746.5,376.5
0291,703.5,243.5
0291,811.5,341.5
0291,666.5,446.5
0291,760.5,292.5
0291,777.5,326.5
0291,742.5,365.5
0291,593.5,347.5
0291,749.5,320.5
0291,805.5,315.5
0291,774.5,374.5
0291,625.5,315.5
0291,731.5,280.5
0291,766.5,264.5
0291,738.5,249.5
0291,789.5,286.5
0292,789.5,282.5
0292,710.5,242.5
0292,758.5,290.5
0292,803.5,310.5
0292,740.5,248.5
0292,769.5,385.5
0292,810.5,344.5
0292,768.5,264.5
0292,618.5,303.5
0292,680.5,468.5
0292,778.5,331.5
0292,744.5,365.5
0292,729.5,279.5
0292,745.5,319.5
0292,609.5,356.5
0294,755.5,416.5
0294,705.5,242.5
0294,774.5,330.5
0294,814.5,347.5
0294,790.5,289.5
0294,801.5,316.5
0294,618.5,386.5
0294,706.5,276.5
0294,636.5,304.5
0294,734.5,304.5
0294,762.5,294.5
0294,747.5,350.5
0294,740.5,251.5
0294,700.5,471.5
0294,769.5,261.5
0296,788.5,285.5
0296,760.5,293.5
0296,769.5,326.5
0296,718.5,470.5
0296,628.5,380.5
0296,812.5,345.5
0296,704.5,251.5
0296,771.5,404.5
0296,740.5,254.5
0296,791.5,318.5
0296,625.5,307.5
0296,665.5,273.5
0296,767.5,263.5
0296,746.5,352.5
0296,737.5,311.5
0299,747.5,352.5
0299,805.5,305.5
0299,717.5,338.5
0299,750.5,320.5
0299,773.5,300.5
0299,597.5,323.5
0299,656.5,281.5
0299,730.5,463.5
0299,588.5,357.5
0299,735.5,255.5
0299,767.5,264.5
0299,733.5,290.5
0299,701.5,248.5
0299,726.5,391.5
0299,793.5,370.5
0302,788.5,312.5
0302,764.5,408.5
0302,761.5,296.5
0302,593.5,368.5
0302,760.5,260.5
0302,731.5,306.5
0302,726.5,358.5
0302,663.5,331.5
0302,595.5,327.5
0302,699.5,243.5
0302,812.5,330.5
0302,738.5,446.5
0302,813.5,374.5
0302,645.5,261.5
0302,729.5,251.5
0308,808.5,392.5
0308,735.5,249.5
0308,758.5,453.5
0308,810.5,318.5
0308,607.5,298.5
0308,771.5,366.5
0308,620.5,403.5
0308,815.5,362.5
0308,613.5,327.5
0308,765.5,264.5
0308,786.5,285.5
0308,734.5,281.5
0308,652.5,257.5
0308,783.5,336.5
0308,689.5,260.5
0310,766.5,261.5
0310,808.5,395.5
0310,814.5,364.5
0310,649.5,257.5
0310,812.5,332.5
0310,743.5,285.5
0310,766.5,362.5
0310,786.5,281.5
0310,617.5,285.5
0310,738.5,250.5
0310,626.5,312.5
0310,769.5,329.5
0310,608.5,387.5
0310,680.5,264.5
0310,754.5,458.5
0311,751.5,460.5
0311,814.5,369.5
0311,627.5,279.5
0311,745.5,290.5
0311,783.5,280.5
0311,612.5,305.5
0311,761.5,261.5
0311,758.5,364.5
0311,736.5,249.5
0311,603.5,389.5
0311,649.5,257.5
0311,806.5,398.5
0311,815.5,335.5
0311,677.5,303.5
0311,764.5,331.5
0314,726.5,248.5
0314,715.5,293.5
0314,750.5,390.5
0314,799.5,407.5
0314,614.5,288.5
0314,664.5,257.5
0314,600.5,406.5
0314,641.5,293.5
0314,784.5,348.5
0314,764.5,417.5
0314,815.5,362.5
0314,678.5,304.5
0314,761.5,261.5
0314,780.5,292.5
0314,812.5,331.5
0317,658.5,254.5
0317,705.5,286.5
0317,772.5,401.5
0317,813.5,380.5
0317,756.5,310.5
0317,602.5,403.5
0317,772.5,339.5
0317,620.5,292.5
0317,765.5,443.5
0317,762.5,370.5
0317,801.5,323.5
0317,748.5,255.5
0317,687.5,262.5
0317,716.5,253.5
0317,686.5,305.5
0318,708.5,282.5
0318,787.5,324.5
0318,781.5,436.5
0318,597.5,401.5
0318,683.5,305.5
0318,685.5,259.5
0318,607.5,292.5
0318,756.5,332.5
0318,811.5,379.5
0318,767.5,394.5
0318,715.5,252.5
0318,746.5,254.5
0318,775.5,356.5
0318,749.5,301.5
0318,656.5,252.5
0321,728.5,356.5
0321,740.5,293.5
0321,686.5,246.5
0321,782.5,281.5
0321,652.5,263.5
0321,755.5,256.5
0321,787.5,435.5
0321,600.5,308.5
0321,601.5,402.5
0321,811.5,385.5
0321,698.5,321.5
0321,707.5,270.5
0321,729.5,326.5
0321,800.5,334.5
0321,725.5,247.5
0322,698.5,326.5
0322,646.5,262.5
0322,790.5,428.5
0322,808.5,390.5
0322,692.5,247.5
0322,725.5,247.5
0322,703.5,269.5
0322,733.5,331.5
0322,809.5,331.5
0322,749.5,298.5
0322,600.5,310.5
0322,754.5,256.5
0322,778.5,273.5
0322,601.5,408.5
0322,723.5,364.5
0323,751.5,258.5
0323,708.5,366.5
0323,690.5,245.5
0323,638.5,265.5
0323,616.5,416.5
0323,697.5,314.5
0323,750.5,302.5
0323,810.5,339.5
0323,709.5,273.5
0323,794.5,419.5
0323,720.5,247.5
0323,776.5,272.5
0323,808.5,392.5
0323,741.5,336.5
0323,596.5,312.5
0324,623.5,408.5
0324,708.5,279.5
0324,723.5,245.5
0324,688.5,244.5
0324,750.5,253.5
0324,777.5,273.5
0324,716.5,317.5
0324,794.5,421.5
0324,757.5,303.5
0324,631.5,267.5
0324,808.5,391.5
0324,749.5,340.5
0324,690.5,370.5
0324,809.5,337.5
0324,597.5,312.5
0325,758.5,339.5
0325,597.5,317.5
0325,688.5,245.5
0325,773.5,279.5
0325,671.5,378.5
0325,699.5,280.5
0325,812.5,335.5
0325,794.5,424.5
0325,620.5,393.5
0325,728.5,320.5
0325,806.5,391.5
0325,725.5,247.5
0325,757.5,310.5
0325,622.5,272.5
0325,751.5,256.5
0326,689.5,272.5
0326,782.5,279.5
0326,676.5,390.5
0326,620.5,279.5
0326,807.5,398.5
0326,725.5,313.5
0326,597.5,318.5
0326,813.5,338.5
0326,760.5,260.5
0326,729.5,248.5
0326,607.5,388.5
0326,757.5,309.5
0326,766.5,337.5
0326,700.5,242.5
0326,794.5,422.5
0328,611.5,401.5
0328,767.5,262.5
0328,814.5,334.5
0328,701.5,254.5
0328,787.5,285.5
0328,711.5,382.5
0328,809.5,382.5
0328,673.5,250.5
0328,763.5,327.5
0328,739.5,251.5
0328,741.5,304.5
0328,594.5,322.5
0328,705.5,306.5
0328,608.5,294.5
0328,787.5,431.5
0329,616.5,415.5
0329,766.5,265.5
0329,715.5,374.5
0329,599.5,337.5
0329,666.5,252.5
0329,602.5,307.5
0329,759.5,324.5
0329,789.5,288.5
0329,814.5,363.5
0329,736.5,248.5
0329,700.5,257.5
0329,807.5,330.5
0329,697.5,302.5
0329,777.5,404.5
0329,730.5,299.5
0332,703.5,404.5
0332,637.5,343.5
0332,791.5,337.5
0332,805.5,309.5
0332,722.5,258.5
0332,759.5,261.5
0332,597.5,318.5
0332,807.5,392.5
0332,666.5,249.5
0332,734.5,285.5
0332,691.5,269.5
0332,701.5,302.5
0332,643.5,455.5
0332,734.5,348.5
0332,783.5,281.5
0334,679.5,246.5
0334,802.5,304.5
0334,693.5,313.5
0334,774.5,324.5
0334,668.5,467.5
0334,743.5,294.5
0334,595.5,320.5
0334,756.5,357.5
0334,773.5,276.5
0334,694.5,450.5
0334,678.5,281.5
0334,712.5,258.5
0334,684.5,361.5
0334,810.5,389.5
0334,745.5,265.5
0335,761.5,359.5
0335,772.5,262.5
0335,803.5,307.5
0335,597.5,318.5
0335,778.5,325.5
0335,708.5,367.5
0335,808.5,393.5
0335,712.5,446.5
0335,668.5,289.5
0335,751.5,306.5
0335,682.5,247.5
0335,689.5,320.5
0335,687.5,467.5
0335,707.5,259.5
0335,743.5,267.5
0336,762.5,262.5
0336,757.5,298.5
0336,723.5,460.5
0336,729.5,370.5
0336,650.5,281.5
0336,673.5,249.5
0336,692.5,468.5
0336,733.5,269.5
0336,809.5,389.5
0336,769.5,362.5
0336,675.5,333.5
0336,801.5,306.5
0336,771.5,327.5
0336,707.5,256.5
0336,600.5,312.5
0343,706.5,470.5
0343,625.5,275.5
0343,742.5,449.5
0343,735.5,250.5
0343,617.5,303.5
0343,813.5,347.5
0343,801.5,302.5
0343,783.5,280.5
0343,672.5,250.5
0343,760.5,260.5
0343,809.5,383.5
0343,789.5,367.5
0343,652.5,286.5
0343,765.5,338.5
0343,742.5,307.5
0345,665.5,252.5
0345,616.5,283.5
0345,606.5,313.5
0345,711.5,465.5
0345,814.5,339.5
0345,741.5,455.5
0345,753.5,256.5
0345,776.5,273.5
0345,645.5,305.5
0345,705.5,262.5
0345,757.5,302.5
0345,785.5,358.5
0345,810.5,391.5
0345,790.5,305.5
0345,755.5,280.5
0346,715.5,469.5
0346,756.5,258.5
0346,761.5,299.5
0346,780.5,274.5
0346,774.5,323.5
0346,813.5,351.5
0346,809.5,395.5
0346,661.5,249.5
0346,598.5,316.5
0346,609.5,293.5
0346,798.5,299.5
0346,776.5,355.5
0346,649.5,305.5
0346,745.5,457.5
0346,696.5,275.5
0347,699.5,282.5
0347,782.5,275.5
0347,776.5,317.5
0347,715.5,475.5
0347,648.5,258.5
0347,736.5,454.5
0347,816.5,350.5
0347,799.5,408.5
0347,661.5,304.5
0347,752.5,263.5
0347,801.5,302.5
0347,596.5,323.5
0347,752.5,294.5
0347,615.5,299.5
0347,764.5,351.5
0348,712.5,291.5
0348,712.5,462.5
0348,781.5,275.5
0348,802.5,301.5
0348,652.5,257.5
0348,748.5,293.5
0348,814.5,343.5
0348,660.5,299.5
0348,748.5,260.5
0348,777.5,327.5
0348,788.5,413.5
0348,596.5,328.5
0348,756.5,372.5
0348,739.5,443.5
0348,614.5,304.5
0350,693.5,447.5
0350,797.5,295.5
0350,774.5,272.5
0350,807.5,323.5
0350,759.5,433.5
0350,678.5,305.5
0350,720.5,316.5
0350,779.5,327.5
0350,667.5,251.5
0350,593.5,335.5
0350,749.5,388.5
0350,742.5,262.5
0350,601.5,305.5
0350,704.5,418.5
0350,743.5,298.5
0351,738.5,455.5
0351,687.5,301.5
0351,605.5,305.5
0351,668.5,249.5
0351,792.5,301.5
0351,691.5,408.5
0351,710.5,337.5
0351,774.5,274.5
0351,812.5,324.5
0351,592.5,338.5
0351,736.5,259.5
0351,684.5,454.5
0351,730.5,296.5
0351,780.5,335.5
0351,744.5,387.5
0352,672.5,399.5
0352,777.5,269.5
0352,698.5,343.5
0352,684.5,471.5
0352,601.5,335.5
0352,746.5,393.5
0352,786.5,302.5
0352,724.5,468.5
0352,677.5,246.5
0352,691.5,302.5
0352,783.5,337.5
0352,603.5,305.5
0352,723.5,295.5
0352,807.5,325.5
0352,731.5,265.5
0353,650.5,396.5
0353,777.5,269.5
0353,691.5,468.5
0353,720.5,466.5
0353,610.5,334.5
0353,804.5,312.5
0353,672.5,358.5
0353,764.5,397.5
0353,692.5,309.5
0353,601.5,304.5
0353,780.5,337.5
0353,682.5,246.5
0353,773.5,305.5
0353,721.5,296.5
0353,716.5,265.5
0355,721.5,467.5
0355,712.5,274.5
0355,639.5,369.5
0355,684.5,453.5
0355,676.5,336.5
0355,611.5,292.5
0355,768.5,301.5
0355,800.5,306.5
0355,780.5,388.5
0355,615.5,347.5
0355,613.5,407.5
0355,785.5,331.5
0355,780.5,278.5
0355,711.5,304.5
0355,676.5,247.5
0357,602.5,407.5
0357,624.5,277.5
0357,770.5,308.5
0357,808.5,314.5
0357,653.5,329.5
0357,681.5,448.5
0357,623.5,338.5
0357,694.5,316.5
0357,790.5,284.5
0357,795.5,380.5
0357,708.5,278.5
0357,739.5,464.5
0357,603.5,376.5
0357,666.5,250.5
0357,783.5,335.5
0360,646.5,310.5
0360,802.5,306.5
0360,699.5,343.5
0360,760.5,257.5
0360,605.5,404.5
0360,601.5,357.5
0360,675.5,248.5
0360,629.5,336.5
0360,675.5,298.5
0360,632.5,276.5
0360,815.5,355.5
0360,695.5,458.5
0360,735.5,465.5
0360,773.5,302.5
0360,780.5,332.5
0364,738.5,463.5
0364,738.5,248.5
0364,595.5,392.5
0364,698.5,243.5
0364,634.5,269.5
0364,770.5,319.5
0364,728.5,304.5
0364,647.5,301.5
0364,791.5,290.5
0364,608.5,346.5
0364,693.5,305.5
0364,613.5,291.5
0364,762.5,291.5
0364,805.5,317.5
0364,711.5,469.5
0370,593.5,379.5
0370,672.5,295.5
0370,707.5,242.5
0370,723.5,409.5
0370,734.5,464.5
0370,742.5,286.5
0370,644.5,344.5
0370,598.5,309.5
0370,757.5,316.5
0370,756.5,256.5
0370,619.5,279.5
0370,638.5,305.5
0370,707.5,284.5
0370,672.5,248.5
0370,773.5,284.5
0371,750.5,326.5
0371,698.5,283.5
0371,638.5,301.5
0371,595.5,384.5
0371,622.5,277.5
0371,671.5,249.5
0371,628.5,337.5
0371,735.5,271.5
0371,740.5,407.5
0371,777.5,288.5
0371,766.5,262.5
0371,738.5,467.5
0371,670.5,287.5
0371,701.5,247.5
0371,604.5,305.5
0372,641.5,301.5
0372,692.5,282.5
0372,604.5,302.5
0372,757.5,333.5
0372,606.5,373.5
0372,775.5,306.5
0372,613.5,336.5
0372,735.5,466.5
0372,740.5,269.5
0372,663.5,279.5
0372,770.5,269.5
0372,704.5,254.5
0372,750.5,416.5
0372,624.5,276.5
0372,675.5,249.5
0375,624.5,385.5
0375,645.5,306.5
0375,600.5,313.5
0375,692.5,246.5
0375,803.5,315.5
0375,679.5,287.5
0375,759.5,443.5
0375,760.5,291.5
0375,602.5,350.5
0375,617.5,281.5
0375,766.5,263.5
0375,732.5,464.5
0375,648.5,272.5
0375,712.5,282.5
0375,733.5,259.5
0376,636.5,309.5
0376,647.5,272.5
0376,599.5,315.5
0376,617.5,392.5
0376,760.5,449.5
0376,759.5,289.5
0376,799.5,301.5
0376,614.5,350.5
0376,728.5,466.5
0376,619.5,285.5
0376,718.5,289.5
0376,763.5,256.5
0376,698.5,253.5
0376,677.5,301.5
0376,730.5,254.5
0383,736.5,417.5
0383,656.5,253.5
0383,773.5,426.5
0383,614.5,360.5
0383,713.5,264.5
0383,681.5,272.5
0383,677.5,307.5
0383,739.5,250.5
0383,741.5,279.5
0383,772.5,266.5
0383,592.5,383.5
0383,652.5,286.5
0383,674.5,339.5
0383,708.5,297.5
0383,766.5,306.5
0384,626.5,373.5
0384,654.5,255.5
0384,703.5,293.5
0384,743.5,282.5
0384,654.5,293.5
0384,710.5,264.5
0384,725.5,422.5
0384,594.5,384.5
0384,771.5,266.5
0384,678.5,313.5
0384,767.5,314.5
0384,679.5,272.5
0384,689.5,345.5
0384,737.5,249.5
0384,783.5,406.5
0385,694.5,363.5
0385,645.5,269.5
0385,729.5,419.5
0385,803.5,391.5
0385,592.5,382.5
0385,676.5,274.5
0385,630.5,390.5
0385,687.5,314.5
0385,743.5,280.5
0385,779.5,317.5
0385,705.5,294.5
0385,736.5,249.5
0385,768.5,268.5
0385,656.5,300.5
0385,708.5,259.5
0386,739.5,422.5
0386,624.5,407.5
0386,738.5,276.5
0386,596.5,383.5
0386,660.5,296.5
0386,705.5,290.5
0386,678.5,272.5
0386,684.5,377.5
0386,703.5,253.5
0386,729.5,247.5
0386,788.5,316.5
0386,812.5,378.5
0386,764.5,261.5
0386,644.5,265.5
0386,685.5,313.5
0391,642.5,282.5
0391,608.5,401.5
0391,680.5,303.5
0391,594.5,372.5
0391,802.5,321.5
0391,639.5,372.5
0391,746.5,407.5
0391,641.5,313.5
0391,701.5,279.5
0391,741.5,294.5
0391,781.5,296.5
0391,769.5,265.5
0391,693.5,246.5
0391,722.5,250.5
0391,673.5,265.5
0394,803.5,306.5
0394,785.5,276.5
0394,610.5,385.5
0394,733.5,300.5
0394,591.5,343.5
0394,675.5,301.5
0394,748.5,460.5
0394,641.5,299.5
0394,643.5,369.5
0394,661.5,269.5
0394,705.5,288.5
0394,773.5,310.5
0394,626.5,274.5
0394,699.5,246.5
0394,726.5,266.5
0395,745.5,463.5
0395,676.5,302.5
0395,786.5,281.5
0395,607.5,376.5
0395,703.5,243.5
0395,708.5,291.5
0395,620.5,278.5
0395,643.5,299.5
0395,590.5,338.5
0395,801.5,305.5
0395,659.5,269.5
0395,639.5,367.5
0395,776.5,323.5
0395,737.5,304.5
0395,733.5,269.5
0397,652.5,257.5
0397,602.5,355.5
0397,610.5,292.5
0397,747.5,462.5
0397,648.5,331.5
0397,639.5,292.5
0397,742.5,262.5
0397,775.5,322.5
0397,779.5,274.5
0397,680.5,300.5
0397,595.5,328.5
0397,800.5,301.5
0397,697.5,243.5
0397,750.5,295.5
0397,723.5,296.5
0399,748.5,284.5
0399,748.5,461.5
0399,620.5,341.5
0399,734.5,318.5
0399,600.5,314.5
0399,773.5,269.5
0399,690.5,300.5
0399,747.5,252.5
0399,664.5,323.5
0399,653.5,255.5
0399,617.5,285.5
0399,796.5,292.5
0399,644.5,288.5
0399,695.5,245.5
0399,774.5,316.5
0401,742.5,282.5
0401,672.5,315.5
0401,767.5,260.5
0401,603.5,307.5
0401,744.5,337.5
0401,663.5,344.5
0401,623.5,274.5
0401,653.5,291.5
0401,705.5,246.5
0401,741.5,251.5
0401,756.5,447.5
0401,761.5,312.5
0401,784.5,291.5
0401,649.5,256.5
0401,692.5,287.5
0404,676.5,393.5
0404,608.5,308.5
0404,709.5,318.5
0404,654.5,291.5
0404,744.5,449.5
0404,758.5,298.5
0404,726.5,248.5
0404,743.5,269.5
0404,741.5,339.5
0404,771.5,365.5
0404,668.5,254.5
0404,774.5,268.5
0404,693.5,244.5
0404,692.5,276.5
0404,628.5,270.5
0409,686.5,392.5
0409,647.5,295.5
0409,637.5,264.5
0409,733.5,323.5
0409,769.5,337.5
0409,688.5,304.5
0409,691.5,243.5
0409,608.5,299.5
0409,668.5,269.5
0409,772.5,268.5
0409,768.5,302.5
0409,721.5,251.5
0409,776.5,382.5
0409,814.5,369.5
0409,700.5,273.5
0411,774.5,364.5
0411,662.5,361.5
0411,737.5,318.5
0411,703.5,242.5
0411,667.5,274.5
0411,811.5,382.5
0411,779.5,274.5
0411,770.5,331.5
0411,634.5,306.5
0411,700.5,320.5
0411,606.5,303.5
0411,630.5,268.5
0411,760.5,297.5
0411,710.5,280.5
0411,744.5,269.5
0412,773.5,334.5
0412,811.5,389.5
0412,604.5,300.5
0412,637.5,302.5
0412,764.5,364.5
0412,711.5,332.5
0412,711.5,278.5
0412,630.5,271.5
0412,739.5,301.5
0412,771.5,303.5
0412,785.5,275.5
0412,748.5,272.5
0412,665.5,276.5
0412,656.5,330.5
0412,710.5,244.5
0413,626.5,273.5
0413,785.5,345.5
0413,752.5,358.5
0413,791.5,280.5
0413,749.5,294.5
0413,778.5,313.5
0413,602.5,303.5
0413,658.5,272.5
0413,763.5,265.5
0413,662.5,319.5
0413,716.5,245.5
0413,809.5,385.5
0413,696.5,351.5
0413,635.5,305.5
0413,714.5,280.5
0417,779.5,270.5
0417,623.5,332.5
0417,659.5,279.5
0417,788.5,368.5
0417,790.5,298.5
0417,668.5,247.5
0417,816.5,349.5
0417,692.5,266.5
0417,752.5,317.5
0417,806.5,323.5
0417,624.5,275.5
0417,603.5,307.5
0417,733.5,251.5
0417,719.5,286.5
0417,749.5,281.5
0419,679.5,247.5
0419,610.5,344.5
0419,652.5,266.5
0419,783.5,278.5
0419,768.5,306.5
0419,704.5,265.5
0419,796.5,368.5
0419,633.5,289.5
0419,728.5,247.5
0419,745.5,333.5
0419,743.5,272.5
0419,715.5,298.5
0419,811.5,341.5
0419,802.5,306.5
0419,604.5,312.5
0421,637.5,300.5
0421,608.5,313.5
0421,774.5,262.5
0421,726.5,249.5
0421,772.5,298.5
0421,782.5,349.5
0421,711.5,294.5
0421,673.5,251.5
0421,700.5,265.5
0421,734.5,279.5
0421,813.5,344.5
0421,804.5,314.5
0421,752.5,328.5
0421,648.5,272.5
0421,616.5,342.5
0424,757.5,272.5
0424,787.5,281.5
0424,664.5,268.5
0424,735.5,255.5
0424,814.5,351.5
0424,711.5,290.5
0424,612.5,294.5
0424,724.5,331.5
0424,806.5,321.5
0424,632.5,267.5
0424,644.5,297.5
0424,752.5,305.5
0424,597.5,357.5
0424,703.5,261.5
0424,767.5,374.5
0425,789.5,283.5
0425,672.5,276.5
0425,738.5,354.5
0425,780.5,380.5
0425,591.5,347.5
0425,814.5,355.5
0425,632.5,269.5
0425,647.5,296.5
0425,735.5,304.5
0425,809.5,315.5
0425,612.5,293.5
0425,711.5,280.5
0425,760.5,276.5
0425,736.5,260.5
0425,706.5,245.5
0427,765.5,288.5
0427,815.5,358.5
0427,607.5,298.5
0427,794.5,292.5
0427,628.5,273.5
0427,707.5,275.5
0427,649.5,311.5
0427,769.5,397.5
0427,712.5,309.5
0427,799.5,383.5
0427,805.5,324.5
0427,724.5,246.5
0427,664.5,282.5
0427,591.5,354.5
0427,747.5,261.5
0429,670.5,334.5
0429,605.5,300.5
0429,784.5,412.5
0429,791.5,288.5
0429,776.5,313.5
0429,815.5,361.5
0429,589.5,355.5
0429,655.5,269.5
0429,785.5,378.5
0429,760.5,259.5
0429,624.5,275.5
0429,719.5,256.5
0429,691.5,313.5
0429,785.5,341.5
0429,703.5,284.5
0430,663.5,332.5
0430,783.5,324.5
0430,624.5,276.5
0430,783.5,359.5
0430,768.5,264.5
0430,604.5,303.5
0430,813.5,368.5
0430,791.5,289.5
0430,700.5,254.5
0430,701.5,285.5
0430,689.5,320.5
0430,779.5,388.5
0430,589.5,353.5
0430,791.5,413.5
0430,657.5,257.5
0435,648.5,271.5
0435,772.5,365.5
0435,767.5,397.5
0435,791.5,282.5
0435,597.5,323.5
0435,633.5,297.5
0435,592.5,354.5
0435,814.5,373.5
0435,808.5,399.5
0435,790.5,429.5
0435,626.5,330.5
0435,760.5,304.5
0435,686.5,260.5
0435,749.5,338.5
0435,765.5,262.5
0436,735.5,320.5
0436,814.5,376.5
0436,789.5,430.5
0436,775.5,308.5
0436,588.5,354.5
0436,621.5,283.5
0436,783.5,279.5
0436,629.5,319.5
0436,598.5,323.5
0436,763.5,259.5
0436,655.5,275.5
0436,696.5,256.5
0436,751.5,397.5
0436,805.5,404.5
0436,771.5,362.5
0437,782.5,435.5
0437,709.5,264.5
0437,779.5,320.5
0437,595.5,356.5
0437,625.5,310.5
0437,653.5,285.5
0437,719.5,315.5
0437,774.5,280.5
0437,802.5,401.5
0437,750.5,363.5
0437,739.5,406.5
0437,597.5,320.5
0437,814.5,369.5
0437,617.5,285.5
0437,755.5,259.5
0438,628.5,313.5
0438,814.5,357.5
0438,705.5,330.5
0438,594.5,355.5
0438,611.5,287.5
0438,796.5,387.5
0438,596.5,318.5
0438,712.5,271.5
0438,734.5,412.5
0438,648.5,292.5
0438,750.5,255.5
0438,776.5,442.5
0438,735.5,361.5
0438,776.5,341.5
0438,770.5,280.5
0439,703.5,274.5
0439,736.5,422.5
0439,628.5,318.5
0439,592.5,358.5
0439,774.5,284.5
0439,810.5,341.5
0439,798.5,386.5
0439,610.5,293.5
0439,598.5,322.5
0439,724.5,363.5
0439,701.5,343.5
0439,645.5,295.5
0439,739.5,251.5
0439,773.5,353.5
0439,773.5,445.5
0441,795.5,390.5
0441,747.5,250.5
0441,609.5,372.5
0441,643.5,297.5
0441,594.5,324.5
0441,759.5,455.5
0441,762.5,424.5
0441,721.5,322.5
0441,785.5,298.5
0441,807.5,318.5
0441,760.5,374.5
0441,629.5,325.5
0441,691.5,373.5
0441,686.5,254.5
0441,610.5,298.5
0442,611.5,300.5
0442,662.5,375.5
0442,806.5,311.5
0442,771.5,416.5
0442,757.5,457.5
0442,808.5,404.5
0442,600.5,332.5
0442,631.5,324.5
0442,620.5,393.5
0442,638.5,291.5
0442,749.5,380.5
0442,755.5,256.5
0442,721.5,300.5
0442,677.5,247.5
0442,791.5,288.5
0443,608.5,338.5
0443,752.5,459.5
0443,615.5,298.5
0443,630.5,383.5
0443,638.5,325.5
0443,675.5,250.5
0443,801.5,409.5
0443,766.5,302.5
0443,623.5,415.5
0443,767.5,405.5
0443,639.5,280.5
0443,707.5,288.5
0443,749.5,376.5
0443,753.5,258.5
0443,801.5,306.5
0446,620.5,435.5
0446,740.5,419.5
0446,696.5,245.5
0446,761.5,259.5
0446,595.5,387.5
0446,618.5,287.5
0446,744.5,463.5
0446,798.5,413.5
0446,753.5,377.5
0446,652.5,293.5
0446,638.5,264.5
0446,633.5,319.5
0446,674.5,268.5
0446,757.5,319.5
0446,795.5,315.5
0448,742.5,463.5
0448,624.5,316.5
0448,714.5,246.5
0448,813.5,337.5
0448,780.5,329.5
0448,803.5,413.5
0448,654.5,309.5
0448,672.5,264.5
0448,593.5,377.5
0448,764.5,263.5
0448,620.5,281.5
0448,743.5,379.5
0448,761.5,428.5
0448,620.5,433.5
0448,644.5,260.5
0450,739.5,341.5
0450,677.5,248.5
0450,734.5,248.5
0450,759.5,405.5
0450,814.5,346.5
0450,612.5,423.5
0450,767.5,261.5
0450,611.5,295.5
0450,627.5,321.5
0450,740.5,464.5
0450,781.5,331.5
0450,648.5,274.5
0450,678.5,307.5
0450,805.5,401.5
0450,597.5,397.5
0451,783.5,330.5
0451,749.5,409.5
0451,719.5,244.5
0451,805.5,401.5
0451,734.5,312.5
0451,760.5,261.5
0451,668.5,249.5
0451,816.5,348.5
0451,687.5,304.5
0451,613.5,425.5
0451,626.5,323.5
0451,738.5,465.5
0451,614.5,292.5
0451,660.5,281.5
0451,601.5,391.5
0453,789.5,326.5
0453,617.5,431.5
0453,733.5,465.5
0453,773.5,262.5
0453,814.5,349.5
0453,664.5,297.5
0453,804.5,405.5
0453,658.5,259.5
0453,627.5,333.5
0453,738.5,424.5
0453,739.5,274.5
0453,688.5,315.5
0453,620.5,278.5
0453,622.5,372.5
0453,812.5,328.5
0454,617.5,284.5
0454,804.5,404.5
0454,617.5,431.5
0454,815.5,351.5
0454,742.5,252.5
0454,788.5,328.5
0454,702.5,242.5
0454,605.5,379.5
0454,687.5,316.5
0454,648.5,265.5
0454,617.5,337.5
0454,745.5,434.5
0454,772.5,265.5
0454,662.5,296.5
0454,738.5,465.5
0455,693.5,309.5
0455,746.5,251.5
0455,613.5,355.5
0455,642.5,273.5
0455,594.5,385.5
0455,667.5,288.5
0455,802.5,409.5
0455,815.5,350.5
0455,738.5,466.5
0455,765.5,424.5
0455,767.5,266.5
0455,612.5,295.5
0455,609.5,419.5
0455,788.5,330.5
0455,690.5,244.5
0457,650.5,377.5
0457,607.5,297.5
0457,774.5,404.5
0457,742.5,466.5
0457,681.5,295.5
0457,603.5,413.5
0457,660.5,270.5
0457,815.5,348.5
0457,594.5,387.5
0457,738.5,256.5
0457,805.5,402.5
0457,715.5,306.5
0457,687.5,245.5
0457,790.5,326.5
0457,750.5,288.5
0458,785.5,327.5
0458,802.5,407.5
0458,668.5,267.5
0458,595.5,389.5
0458,672.5,373.5
0458,712.5,309.5
0458,690.5,291.5
0458,686.5,247.5
0458,735.5,259.5
0458,605.5,302.5
0458,607.5,416.5
0458,813.5,354.5
0458,742.5,461.5
0458,744.5,297.5
0458,778.5,390.5
0459,601.5,412.5
0459,681.5,270.5
0459,689.5,245.5
0459,815.5,349.5
0459,767.5,381.5
0459,591.5,387.5
0459,720.5,318.5
0459,699.5,295.5
0459,747.5,461.5
0459,603.5,306.5
0459,695.5,354.5
0459,798.5,416.5
0459,788.5,330.5
0459,753.5,305.5
0459,735.5,255.5
0463,751.5,459.5
0463,718.5,244.5
0463,701.5,307.5
0463,815.5,352.5
0463,602.5,409.5
0463,749.5,257.5
0463,591.5,379.5
0463,754.5,325.5
0463,693.5,342.5
0463,795.5,420.5
0463,711.5,275.5
0463,598.5,309.5
0463,795.5,325.5
0463,744.5,290.5
0463,751.5,404.5
0464,692.5,309.5
0464,750.5,253.5
0464,725.5,274.5
0464,744.5,462.5
0464,598.5,312.5
0464,714.5,245.5
0464,800.5,319.5
0464,591.5,374.5
0464,816.5,352.5
0464,603.5,409.5
0464,702.5,351.5
0464,759.5,388.5
0464,746.5,294.5
0464,795.5,418.5
0464,749.5,274.5
0465,685.5,315.5
0465,724.5,276.5
0465,796.5,417.5
0465,753.5,294.5
0465,601.5,322.5
0465,748.5,257.5
0465,819.5,352.5
0465,709.5,246.5
0465,593.5,378.5
0465,742.5,463.5
0465,805.5,312.5
0465,606.5,410.5
0465,758.5,367.5
0465,722.5,353.5
0465,760.5,338.5
0470,809.5,397.5
0470,691.5,253.5
0470,816.5,355.5
0470,737.5,332.5
0470,774.5,324.5
0470,600.5,402.5
0470,663.5,333.5
0470,726.5,467.5
0470,662.5,301.5
0470,727.5,246.5
0470,694.5,320.5
0470,603.5,345.5
0470,747.5,292.5
0470,805.5,306.5
0470,689.5,292.5
0473,689.5,325.5
0473,601.5,306.5
0473,760.5,356.5
0473,792.5,290.5
0473,655.5,333.5
0473,723.5,470.5
0473,784.5,433.5
0473,730.5,298.5
0473,661.5,301.5
0473,670.5,269.5
0473,768.5,266.5
0473,631.5,299.5
0473,793.5,389.5
0473,728.5,251.5
0473,600.5,407.5
0483,771.5,266.5
0483,660.5,315.5
0483,678.5,294.5
0483,658.5,262.5
0483,800.5,350.5
0483,763.5,410.5
0483,719.5,290.5
0483,716.5,382.5
0483,747.5,285.5
0483,659.5,347.5
0483,716.5,258.5
0483,609.5,421.5
0483,786.5,305.5
0483,637.5,289.5
0483,733.5,457.5
0491,669.5,384.5
0491,643.5,331.5
0491,759.5,281.5
0491,811.5,362.5
0491,673.5,464.5
0491,598.5,318.5
0491,594.5,392.5
0491,685.5,285.5
0491,788.5,285.5
0491,634.5,267.5
0491,612.5,293.5
0491,735.5,340.5
0491,670.5,249.5
0491,766.5,364.5
0491,738.5,263.5
0493,666.5,463.5
0493,642.5,425.5
0493,662.5,285.5
0493,664.5,251.5
0493,781.5,280.5
0493,737.5,278.5
0493,813.5,336.5
0493,594.5,325.5
0493,611.5,418.5
0493,638.5,264.5
0493,727.5,347.5
0493,758.5,301.5
0493,614.5,290.5
0493,652.5,330.5
0493,756.5,378.5
0494,770.5,303.5
0494,753.5,395.5
0494,768.5,271.5
0494,730.5,293.5
0494,640.5,261.5
0494,811.5,326.5
0494,614.5,421.5
0494,616.5,284.5
0494,640.5,436.5
0494,721.5,346.5
0494,661.5,460.5
0494,652.5,333.5
0494,653.5,299.5
0494,671.5,249.5
0494,596.5,329.5
0500,595.5,387.5
0500,652.5,357.5
0500,719.5,355.5
0500,712.5,312.5
0500,626.5,274.5
0500,628.5,434.5
0500,715.5,455.5
0500,765.5,287.5
0500,755.5,407.5
0500,604.5,302.5
0500,636.5,305.5
0500,812.5,333.5
0500,741.5,252.5
0500,671.5,291.5
0500,752.5,347.5
0502,657.5,337.5
0502,756.5,289.5
0502,627.5,408.5
0502,594.5,384.5
0502,602.5,305.5
0502,638.5,275.5
0502,662.5,300.5
0502,632.5,306.5
0502,739.5,394.5
0502,740.5,453.5
0502,748.5,255.5
0502,810.5,326.5
0502,704.5,376.5
0502,705.5,339.5
0502,744.5,338.5
0504,663.5,323.5
0504,750.5,353.5
0504,681.5,365.5
0504,593.5,383.5
0504,720.5,392.5
0504,602.5,305.5
0504,625.5,361.5
0504,794.5,294.5
0504,733.5,302.5
0504,749.5,260.5
0504,697.5,341.5
0504,747.5,462.5
0504,660.5,293.5
0504,632.5,306.5
0504,645.5,257.5
0505,605.5,302.5
0505,594.5,384.5
0505,642.5,320.5
0505,752.5,264.5
0505,697.5,339.5
0505,745.5,463.5
0505,728.5,302.5
0505,610.5,336.5
0505,712.5,404.5
0505,761.5,356.5
0505,661.5,253.5
0505,680.5,363.5
0505,677.5,311.5
0505,656.5,288.5
0505,786.5,281.5
0506,769.5,344.5
0506,653.5,319.5
0506,696.5,327.5
0506,605.5,332.5
0506,744.5,266.5
0506,659.5,252.5
0506,716.5,300.5
0506,590.5,379.5
0506,774.5,270.5
0506,686.5,358.5
0506,741.5,463.5
0506,708.5,417.5
0506,649.5,282.5
0506,683.5,297.5
0506,605.5,299.5
0507,681.5,287.5
0507,737.5,263.5
0507,666.5,317.5
0507,599.5,324.5
0507,599.5,381.5
0507,740.5,463.5
0507,714.5,295.5
0507,711.5,430.5
0507,653.5,256.5
0507,766.5,330.5
0507,767.5,267.5
0507,697.5,320.5
0507,695.5,353.5
0507,609.5,294.5
0507,635.5,282.5
0508,764.5,262.5
0508,603.5,370.5
0508,598.5,313.5
0508,614.5,285.5
0508,738.5,466.5
0508,715.5,352.5
0508,670.5,309.5
0508,734.5,267.5
0508,676.5,279.5
0508,655.5,255.5
0508,760.5,323.5
0508,722.5,430.5
0508,706.5,285.5
0508,645.5,284.5
0508,700.5,320.5
0510,622.5,277.5
0510,713.5,264.5
0510,755.5,365.5
0510,738.5,251.5
0510,597.5,310.5
0510,755.5,457.5
0510,681.5,292.5
0510,748.5,425.5
0510,655.5,256.5
0510,764.5,328.5
0510,773.5,273.5
0510,612.5,370.5
0510,649.5,296.5
0510,682.5,260.5
0510,694.5,318.5
0512,739.5,279.5
0512,695.5,263.5
0512,781.5,396.5
0512,784.5,309.5
0512,618.5,383.5
0512,591.5,332.5
0512,748.5,405.5
0512,608.5,291.5
0512,778.5,272.5
0512,661.5,292.5
0512,634.5,306.5
0512,758.5,445.5
0512,736.5,248.5
0512,643.5,261.5
0512,691.5,305.5
0515,590.5,367.5
0515,737.5,467.5
0515,745.5,260.5
0515,772.5,270.5
0515,784.5,434.5
0515,617.5,337.5
0515,677.5,295.5
0515,641.5,305.5
0515,690.5,257.5
0515,795.5,293.5
0515,603.5,303.5
0515,737.5,406.5
0515,719.5,247.5
0515,623.5,279.5
0515,710.5,299.5
0516,628.5,280.5
0516,772.5,272.5
0516,641.5,309.5
0516,744.5,462.5
0516,593.5,375.5
0516,783.5,436.5
0516,742.5,406.5
0516,741.5,257.5
0516,600.5,335.5
0516,672.5,291.5
0516,691.5,261.5
0516,705.5,290.5
0516,715.5,246.5
0516,794.5,290.5
0516,607.5,305.5
0521,687.5,337.5
0521,781.5,400.5
0521,601.5,308.5
0521,697.5,242.5
0521,693.5,470.5
0521,764.5,370.5
0521,685.5,271.5
0521,793.5,293.5
0521,813.5,328.5
0521,730.5,259.5
0521,593.5,337.5
0521,634.5,268.5
0521,662.5,253.5
0521,642.5,296.5
0521,709.5,312.5
0523,685.5,275.5
0523,606.5,297.5
0523,713.5,327.5
0523,750.5,391.5
0523,789.5,393.5
0523,673.5,247.5
0523,704.5,244.5
0523,812.5,330.5
0523,799.5,302.5
0523,635.5,289.5
0523,655.5,459.5
0523,644.5,256.5
0523,716.5,299.5
0523,595.5,325.5
0523,728.5,263.5
0525,649.5,258.5
0525,677.5,245.5
0525,687.5,290.5
0525,591.5,335.5
0525,708.5,245.5
0525,606.5,307.5
0525,745.5,253.5
0525,722.5,294.5
0525,631.5,289.5
0525,654.5,414.5
0525,800.5,302.5
0525,815.5,337.5
0525,728.5,432.5
0525,729.5,329.5
0525,804.5,404.5
0526,605.5,317.5
0526,716.5,457.5
0526,591.5,347.5
0526,805.5,401.5
0526,678.5,247.5
0526,647.5,258.5
0526,666.5,412.5
0526,722.5,288.5
0526,803.5,307.5
0526,810.5,341.5
0526,688.5,296.5
0526,746.5,254.5
0526,733.5,329.5
0526,708.5,247.5
0526,628.5,295.5
0527,588.5,358.5
0527,603.5,315.5
0527,685.5,294.5
0527,808.5,398.5
0527,742.5,251.5
0527,672.5,251.5
0527,701.5,467.5
0527,643.5,259.5
0527,705.5,252.5
0527,808.5,320.5
0527,638.5,294.5
0527,815.5,346.5
0527,677.5,417.5
0527,713.5,280.5
0527,735.5,333.5
0533,756.5,257.5
0533,764.5,326.5
0533,809.5,328.5
0533,596.5,331.5
0533,729.5,300.5
0533,607.5,295.5
0533,592.5,382.5
0533,615.5,348.5
0533,593.5,311.5
0533,682.5,275.5
0533,803.5,401.5
0533,699.5,302.5
0533,656.5,373.5
0533,694.5,468.5
0533,692.5,245.5
0537,594.5,388.5
0537,623.5,382.5
0537,680.5,330.5
0537,709.5,297.5
0537,736.5,279.5
0537,814.5,353.5
0537,591.5,341.5
0537,768.5,266.5
0537,812.5,387.5
0537,777.5,354.5
0537,602.5,308.5
0537,691.5,265.5
0537,724.5,431.5
0537,732.5,248.5
0537,737.5,311.5
0539,614.5,426.5
0539,591.5,346.5
0539,595.5,385.5
0539,736.5,278.5
0539,721.5,306.5
0539,818.5,340.5
0539,813.5,373.5
0539,732.5,244.5
0539,671.5,255.5
0539,694.5,410.5
0539,761.5,263.5
0539,602.5,308.5
0539,716.5,334.5
0539,766.5,310.5
0539,778.5,367.5
0541,615.5,296.5
0541,779.5,294.5
0541,745.5,300.5
0541,774.5,371.5
0541,605.5,415.5
0541,683.5,430.5
0541,719.5,248.5
0541,764.5,265.5
0541,662.5,252.5
0541,738.5,346.5
0541,811.5,360.5
0541,593.5,388.5
0541,602.5,351.5
0541,809.5,329.5
0541,733.5,270.5
0542,630.5,296.5
0542,702.5,439.5
0542,812.5,326.5
0542,782.5,292.5
0542,617.5,345.5
0542,717.5,246.5
0542,765.5,262.5
0542,592.5,383.5
0542,769.5,371.5
0542,604.5,411.5
0542,732.5,265.5
0542,659.5,253.5
0542,749.5,294.5
0542,812.5,360.5
0542,733.5,334.5
0545,762.5,298.5
0545,727.5,268.5
0545,755.5,258.5
0545,744.5,337.5
0545,808.5,320.5
0545,589.5,367.5
0545,794.5,391.5
0545,708.5,246.5
0545,666.5,362.5
0545,758.5,433.5
0545,794.5,293.5
0545,613.5,393.5
0545,617.5,306.5
0545,782.5,361.5
0545,640.5,264.5
0546,678.5,386.5
0546,762.5,291.5
0546,587.5,366.5
0546,795.5,291.5
0546,752.5,255.5
0546,782.5,430.5
0546,730.5,279.5
0546,805.5,320.5
0546,714.5,245.5
0546,626.5,292.5
0546,743.5,324.5
0546,625.5,398.5
0546,803.5,397.5
0546,639.5,264.5
0546,779.5,369.5
0547,799.5,324.5
0547,760.5,289.5
0547,790.5,414.5
0547,750.5,258.5
0547,693.5,407.5
0547,746.5,316.5
0547,777.5,379.5
0547,809.5,393.5
0547,724.5,285.5
0547,591.5,362.5
0547,643.5,265.5
0547,793.5,289.5
0547,643.5,406.5
0547,620.5,286.5
0547,717.5,254.5
0555,810.5,386.5
0555,694.5,335.5
0555,604.5,295.5
0555,770.5,403.5
0555,762.5,269.5
0555,645.5,308.5
0555,704.5,244.5
0555,790.5,362.5
0555,722.5,366.5
0555,722.5,333.5
0555,804.5,412.5
0555,786.5,283.5
0555,673.5,277.5
0555,676.5,248.5
0555,746.5,310.5
0563,652.5,319.5
0563,618.5,284.5
0563,738.5,463.5
0563,590.5,346.5
0563,732.5,305.5
0563,762.5,289.5
0563,783.5,333.5
0563,754.5,258.5
0563,697.5,242.5
0563,692.5,317.5
0563,753.5,329.5
0563,657.5,350.5
0563,728.5,352.5
0563,725.5,272.5
0563,751.5,375.5
0567,751.5,299.5
0567,624.5,346.5
0567,594.5,339.5
0567,738.5,266.5
0567,627.5,293.5
0567,679.5,279.5
0567,766.5,266.5
0567,766.5,326.5
0567,780.5,297.5
0567,798.5,335.5
0567,741.5,466.5
0567,698.5,252.5
0567,721.5,297.5
0567,680.5,414.5
0567,644.5,320.5
0568,638.5,319.5
0568,669.5,277.5
0568,608.5,355.5
0568,745.5,301.5
0568,713.5,292.5
0568,769.5,328.5
0568,766.5,266.5
0568,592.5,325.5
0568,799.5,324.5
0568,733.5,267.5
0568,747.5,460.5
0568,774.5,294.5
0568,709.5,259.5
0568,632.5,286.5
0568,647.5,424.5
0571,731.5,345.5
0571,591.5,333.5
0571,783.5,333.5
0571,625.5,346.5
0571,766.5,448.5
0571,806.5,314.5
0571,692.5,254.5
0571,728.5,247.5
0571,654.5,386.5
0571,766.5,262.5
0571,602.5,404.5
0571,611.5,293.5
0571,716.5,282.5
0571,652.5,296.5
0571,772.5,296.5
0572,690.5,255.5
0572,635.5,353.5
0572,617.5,297.5
0572,609.5,415.5
0572,668.5,391.5
0572,768.5,434.5
0572,592.5,344.5
0572,764.5,266.5
0572,662.5,297.5
0572,784.5,332.5
0572,727.5,367.5
0572,803.5,303.5
0572,762.5,298.5
0572,712.5,281.5
0572,722.5,248.5
0573,685.5,249.5
0573,646.5,354.5
0573,671.5,405.5
0573,759.5,269.5
0573,715.5,245.5
0573,589.5,354.5
0573,706.5,276.5
0573,669.5,294.5
0573,755.5,420.5
0573,616.5,420.5
0573,608.5,294.5
0573,736.5,372.5
0573,797.5,295.5
0573,771.5,325.5
0573,752.5,300.5
0574,766.5,267.5
0574,754.5,411.5
0574,664.5,409.5
0574,703.5,273.5
0574,685.5,245.5
0574,666.5,288.5
0574,622.5,423.5
0574,794.5,293.5
0574,739.5,372.5
0574,590.5,367.5
0574,745.5,292.5
0574,610.5,293.5
0574,651.5,372.5
0574,718.5,246.5
0574,765.5,327.5
0575,628.5,415.5
0575,750.5,367.5
0575,592.5,379.5
0575,685.5,249.5
0575,741.5,289.5
0575,662.5,417.5
0575,665.5,283.5
0575,788.5,288.5
0575,742.5,396.5
0575,643.5,386.5
0575,717.5,275.5
0575,772.5,263.5
0575,609.5,295.5
0575,757.5,334.5
0575,713.5,244.5
0576,596.5,392.5
0576,733.5,386.5
0576,659.5,430.5
0576,710.5,246.5
0576,635.5,382.5
0576,609.5,296.5
0576,752.5,365.5
0576,629.5,413.5
0576,791.5,291.5
0576,653.5,286.5
0576,676.5,248.5
0576,737.5,287.5
0576,769.5,263.5
0576,705.5,274.5
0576,763.5,334.5
0579,636.5,450.5
0579,597.5,311.5
0579,607.5,417.5
0579,710.5,244.5
0579,660.5,258.5
0579,628.5,293.5
0579,688.5,268.5
0579,669.5,381.5
0579,762.5,363.5
0579,644.5,408.5
0579,743.5,385.5
0579,699.5,297.5
0579,742.5,274.5
0579,792.5,310.5
0579,630.5,371.5
0582,654.5,376.5
0582,627.5,353.5
0582,794.5,306.5
0582,630.5,323.5
0582,682.5,264.5
0582,676.5,400.5
0582,759.5,411.5
0582,593.5,381.5
0582,600.5,314.5
0582,651.5,258.5
0582,604.5,419.5
0582,711.5,244.5
0582,716.5,298.5
0582,621.5,292.5
0582,770.5,381.5
0584,711.5,377.5
0584,644.5,386.5
0584,793.5,413.5
0584,628.5,327.5
0584,771.5,392.5
0584,700.5,319.5
0584,684.5,256.5
0584,593.5,375.5
0584,665.5,278.5
0584,725.5,246.5
0584,632.5,294.5
0584,600.5,306.5
0584,615.5,353.5
0584,602.5,413.5
0584,806.5,322.5
0588,656.5,387.5
0588,642.5,321.5
0588,591.5,345.5
0588,651.5,289.5
0588,744.5,339.5
0588,687.5,305.5
0588,713.5,337.5
0588,799.5,296.5
0588,771.5,388.5
0588,589.5,376.5
0588,795.5,407.5
0588,729.5,285.5
0588,639.5,428.5
0588,710.5,246.5
0588,599.5,310.5
0589,698.5,302.5
0589,798.5,290.5
0589,713.5,336.5
0589,743.5,334.5
0589,677.5,390.5
0589,591.5,380.5
0589,794.5,417.5
0589,598.5,316.5
0589,628.5,315.5
0589,740.5,289.5
0589,654.5,416.5
0589,720.5,259.5
0589,764.5,375.5
0589,590.5,350.5
0589,648.5,287.5
0590,664.5,403.5
0590,745.5,339.5
0590,593.5,385.5
0590,749.5,292.5
0590,796.5,421.5
0590,601.5,314.5
0590,712.5,338.5
0590,698.5,389.5
0590,702.5,300.5
0590,793.5,288.5
0590,723.5,281.5
0590,768.5,366.5
0590,631.5,316.5
0590,646.5,295.5
0590,593.5,351.5
0592,600.5,361.5
0592,638.5,329.5
0592,761.5,298.5
0592,679.5,371.5
0592,601.5,402.5
0592,785.5,367.5
0592,772.5,266.5
0592,738.5,383.5
0592,712.5,319.5
0592,689.5,295.5
0592,658.5,304.5
0592,756.5,354.5
0592,803.5,403.5
0592,603.5,322.5
0592,738.5,273.5
0593,658.5,309.5
0593,791.5,368.5
0593,713.5,317.5
0593,609.5,320.5
0593,771.5,264.5
0593,765.5,353.5
0593,688.5,353.5
0593,602.5,408.5
0593,744.5,279.5
0593,772.5,293.5
0593,806.5,396.5
0593,682.5,283.5
0593,755.5,382.5
0593,642.5,332.5
0593,593.5,367.5
0594,805.5,400.5
0594,713.5,295.5
0594,684.5,285.5
0594,755.5,389.5
0594,636.5,323.5
0594,778.5,296.5
0594,606.5,332.5
0594,656.5,301.5
0594,792.5,370.5
0594,748.5,289.5
0594,770.5,265.5
0594,600.5,406.5
0594,767.5,360.5
0594,701.5,339.5
0594,597.5,375.5
0595,796.5,406.5
0595,686.5,288.5
0595,794.5,375.5
0595,721.5,293.5
0595,781.5,292.5
0595,761.5,368.5
0595,594.5,374.5
0595,600.5,408.5
0595,611.5,341.5
0595,765.5,267.5
0595,623.5,303.5
0595,650.5,292.5
0595,713.5,322.5
0595,753.5,295.5
0595,764.5,397.5
0596,690.5,296.5
0596,763.5,402.5
0596,758.5,372.5
0596,796.5,402.5
0596,717.5,321.5
0596,798.5,369.5
0596,724.5,288.5
0596,615.5,291.5
0596,623.5,335.5
0596,766.5,263.5
0596,594.5,375.5
0596,601.5,406.5
0596,640.5,275.5
0596,787.5,289.5
0596,755.5,290.5
0597,791.5,397.5
0597,633.5,266.5
0597,812.5,372.5
0597,761.5,403.5
0597,612.5,288.5
0597,625.5,333.5
0597,748.5,376.5
0597,721.5,283.5
0597,753.5,289.5
0597,687.5,301.5
0597,590.5,373.5
0597,600.5,403.5
0597,727.5,315.5
0597,762.5,263.5
0597,781.5,285.5
0598,761.5,259.5
0598,758.5,402.5
0598,732.5,390.5
0598,677.5,305.5
0598,641.5,266.5
0598,717.5,282.5
0598,590.5,373.5
0598,813.5,367.5
0598,618.5,329.5
0598,615.5,292.5
0598,735.5,315.5
0598,746.5,286.5
0598,604.5,406.5
0598,780.5,284.5
0598,786.5,385.5
0604,602.5,363.5
0604,706.5,356.5
0604,620.5,286.5
0604,761.5,261.5
0604,703.5,411.5
0604,753.5,306.5
0604,596.5,327.5
0604,815.5,370.5
0604,650.5,269.5
0604,669.5,344.5
0604,770.5,414.5
0604,735.5,281.5
0604,621.5,385.5
0604,733.5,248.5
0604,720.5,317.5
0605,699.5,409.5
0605,595.5,327.5
0605,759.5,322.5
0605,624.5,294.5
0605,688.5,355.5
0605,725.5,315.5
0605,664.5,333.5
0605,730.5,246.5
0605,614.5,364.5
0605,776.5,418.5
0605,758.5,260.5
0605,735.5,279.5
0605,811.5,376.5
0605,621.5,393.5
0605,655.5,262.5
0606,596.5,325.5
0606,736.5,279.5
0606,778.5,418.5
0606,761.5,261.5
0606,662.5,252.5
0606,702.5,399.5
0606,683.5,365.5
0606,627.5,308.5
0606,768.5,337.5
0606,615.5,396.5
0606,627.5,363.5
0606,735.5,250.5
0606,812.5,379.5
0606,734.5,310.5
0606,661.5,322.5
0609,631.5,270.5
0609,766.5,406.5
0609,690.5,404.5
0609,655.5,304.5
0609,778.5,376.5
0609,706.5,356.5
0609,593.5,332.5
0609,686.5,309.5
0609,729.5,276.5
0609,760.5,275.5
0609,811.5,394.5
0609,597.5,399.5
0609,741.5,312.5
0609,621.5,380.5
0609,699.5,246.5
0610,694.5,306.5
0610,597.5,393.5
0610,773.5,383.5
0610,761.5,288.5
0610,595.5,330.5
0610,628.5,385.5
0610,804.5,398.5
0610,662.5,302.5
0610,710.5,342.5
0610,728.5,315.5
0610,717.5,416.5
0610,692.5,258.5
0610,754.5,407.5
0610,633.5,270.5
0610,615.5,281.5
0612,719.5,421.5
0612,708.5,311.5
0612,739.5,316.5
0612,800.5,413.5
0612,705.5,279.5
0612,721.5,340.5
0612,598.5,311.5
0612,630.5,270.5
0612,591.5,374.5
0612,758.5,376.5
0612,627.5,397.5
0612,781.5,309.5
0612,675.5,301.5
0612,734.5,261.5
0612,738.5,397.5
0616,699.5,365.5
0616,764.5,374.5
0616,815.5,348.5
0616,735.5,331.5
0616,599.5,337.5
0616,607.5,300.5
0616,704.5,431.5
0616,662.5,397.5
0616,775.5,286.5
0616,788.5,411.5
0616,694.5,398.5
0616,627.5,280.5
0616,723.5,283.5
0616,727.5,377.5
0616,696.5,259.5
0623,704.5,366.5
0623,731.5,382.5
0623,813.5,335.5
0623,797.5,296.5
0623,722.5,339.5
0623,658.5,293.5
0623,664.5,372.5
0623,703.5,279.5
0623,782.5,359.5
0623,741.5,294.5
0623,777.5,392.5
0623,593.5,338.5
0623,641.5,267.5
0623,689.5,421.5
0623,686.5,390.5
0624,735.5,281.5
0624,793.5,290.5
0624,591.5,339.5
0624,778.5,351.5
0624,670.5,371.5
0624,703.5,390.5
0624,725.5,370.5
0624,787.5,394.5
0624,808.5,321.5
0624,633.5,270.5
0624,698.5,264.5
0624,721.5,339.5
0624,687.5,426.5
0624,639.5,311.5
0624,696.5,357.5
0626,789.5,383.5
0626,726.5,333.5
0626,714.5,403.5
0626,784.5,280.5
0626,693.5,332.5
0626,725.5,364.5
0626,589.5,349.5
0626,683.5,442.5
0626,663.5,392.5
0626,802.5,306.5
0626,617.5,335.5
0626,746.5,253.5
0626,668.5,272.5
0626,775.5,341.5
0626,623.5,274.5
0628,670.5,298.5
0628,621.5,281.5
0628,737.5,374.5
0628,718.5,346.5
0628,776.5,268.5
0628,702.5,291.5
0628,613.5,383.5
0628,681.5,401.5
0628,797.5,297.5
0628,749.5,254.5
0628,593.5,339.5
0628,716.5,445.5
0628,726.5,407.5
0628,755.5,347.5
0628,778.5,389.5
0630,691.5,309.5
0630,618.5,281.5
0630,715.5,364.5
0630,682.5,273.5
0630,748.5,437.5
0630,594.5,322.5
0630,675.5,393.5
0630,753.5,376.5
0630,791.5,289.5
0630,611.5,423.5
0630,769.5,264.5
0630,742.5,251.5
0630,735.5,409.5
0630,753.5,343.5
0630,782.5,378.5
0633,759.5,355.5
0633,776.5,391.5
0633,731.5,246.5
0633,740.5,333.5
0633,791.5,361.5
0633,759.5,260.5
0633,685.5,374.5
0633,646.5,412.5
0633,663.5,252.5
0633,722.5,300.5
0633,802.5,415.5
0633,776.5,288.5
0633,632.5,276.5
0633,614.5,302.5
0633,651.5,378.5
0635,796.5,346.5
0635,758.5,258.5
0635,805.5,392.5
0635,616.5,301.5
0635,752.5,334.5
0635,720.5,279.5
0635,726.5,307.5
0635,623.5,275.5
0635,678.5,386.5
0635,761.5,303.5
0635,643.5,407.5
0635,645.5,375.5
0635,729.5,248.5
0635,659.5,260.5
0635,773.5,366.5
0636,761.5,310.5
0636,751.5,255.5
0636,683.5,381.5
0636,726.5,244.5
0636,736.5,333.5
0636,649.5,257.5
0636,712.5,306.5
0636,638.5,362.5
0636,806.5,338.5
0636,624.5,413.5
0636,801.5,390.5
0636,619.5,276.5
0636,774.5,349.5
0636,715.5,275.5
0636,606.5,305.5
0637,690.5,377.5
0637,625.5,277.5
0637,766.5,318.5
0637,728.5,329.5
0637,807.5,337.5
0637,695.5,302.5
0637,648.5,265.5
0637,616.5,426.5
0637,721.5,246.5
0637,750.5,257.5
0637,610.5,307.5
0637,778.5,349.5
0637,627.5,354.5
0637,707.5,274.5
0637,793.5,395.5
0638,624.5,306.5
0638,739.5,263.5
0638,616.5,430.5
0638,608.5,339.5
0638,697.5,375.5
0638,684.5,298.5
0638,813.5,332.5
0638,624.5,273.5
0638,790.5,401.5
0638,714.5,242.5
0638,652.5,258.5
0638,720.5,316.5
0638,784.5,313.5
0638,699.5,270.5
0638,776.5,344.5
0641,648.5,267.5
0641,814.5,372.5
0641,721.5,411.5
0641,618.5,284.5
0641,724.5,244.5
0641,618.5,430.5
0641,806.5,399.5
0641,693.5,305.5
0641,812.5,340.5
0641,668.5,289.5
0641,598.5,314.5
0641,749.5,275.5
0641,718.5,277.5
0641,764.5,323.5
0641,674.5,248.5
0643,617.5,431.5
0643,741.5,422.5
0643,814.5,370.5
0643,806.5,400.5
0643,638.5,265.5
0643,664.5,250.5
0643,740.5,252.5
0643,615.5,288.5
0643,680.5,279.5
0643,739.5,282.5
0643,815.5,341.5
0643,591.5,336.5
0643,768.5,291.5
0643,757.5,321.5
0643,692.5,307.5
