15,699.5,357.5,126.2
0000,631.5,342.5
0000,656.5,358.5
0000,629.5,372.5
0000,809.5,318.5
0000,809.5,350.5
0000,595.5,387.5
0000,797.5,407.5
0000,719.5,357.5
0000,594.5,352.5
0000,804.5,379.5
0000,772.5,372.5
0000,688.5,358.5
0000,745.5,354.5
0000,600.5,323.5
0000,771.5,340.5
0001,631.5,342.5
0001,798.5,406.5
0001,774.5,368.5
0001,629.5,372.5
0001,809.5,318.5
0001,656.5,358.5
0001,812.5,351.5
0001,593.5,387.5
0001,600.5,324.5
0001,690.5,358.5
0001,594.5,354.5
0001,719.5,356.5
0001,747.5,355.5
0001,805.5,383.5
0001,771.5,340.5
0005,809.5,318.5
0005,631.5,340.5
0005,797.5,409.5
0005,687.5,359.5
0005,629.5,372.5
0005,656.5,358.5
0005,774.5,368.5
0005,807.5,382.5
0005,595.5,355.5
0005,595.5,387.5
0005,811.5,352.5
0005,599.5,323.5
0005,717.5,355.5
0005,746.5,355.5
0005,772.5,336.5
0006,774.5,368.5
0006,595.5,387.5
0006,629.5,372.5
0006,631.5,342.5
0006,807.5,384.5
0006,593.5,350.5
0006,809.5,318.5
0006,687.5,359.5
0006,656.5,358.5
0006,810.5,348.5
0006,745.5,354.5
0006,718.5,355.5
0006,797.5,410.5
0006,599.5,323.5
0006,773.5,338.5
0009,631.5,342.5
0009,810.5,350.5
0009,809.5,318.5
0009,591.5,384.5
0009,594.5,354.5
0009,796.5,408.5
0009,629.5,372.5
0009,807.5,384.5
0009,745.5,356.5
0009,657.5,356.5
0009,773.5,340.5
0009,717.5,354.5
0009,599.5,325.5
0009,688.5,359.5
0009,774.5,370.5
0010,629.5,374.5
0010,594.5,354.5
0010,717.5,354.5
0010,656.5,357.5
0010,811.5,349.5
0010,796.5,408.5
0010,807.5,384.5
0010,774.5,369.5
0010,746.5,355.5
0010,593.5,387.5
0010,807.5,319.5
0010,689.5,361.5
0010,599.5,323.5
0010,632.5,341.5
0010,772.5,339.5
0011,631.5,342.5
0011,809.5,318.5
0011,774.5,368.5
0011,596.5,386.5
0011,812.5,351.5
0011,797.5,408.5
0011,806.5,383.5
0011,719.5,355.5
0011,629.5,372.5
0011,596.5,352.5
0011,687.5,359.5
0011,599.5,324.5
0011,657.5,358.5
0011,747.5,355.5
0011,773.5,338.5
0012,809.5,349.5
0012,594.5,387.5
0012,594.5,352.5
0012,809.5,318.5
0012,774.5,368.5
0012,657.5,356.5
0012,717.5,356.5
0012,629.5,372.5
0012,747.5,354.5
0012,807.5,380.5
0012,597.5,323.5
0012,690.5,358.5
0012,796.5,409.5
0012,773.5,338.5
0012,633.5,338.5
0013,630.5,368.5
0013,594.5,354.5
0013,631.5,342.5
0013,656.5,358.5
0013,774.5,368.5
0013,807.5,382.5
0013,808.5,316.5
0013,717.5,354.5
0013,797.5,407.5
0013,595.5,387.5
0013,812.5,350.5
0013,689.5,358.5
0013,747.5,355.5
0013,773.5,340.5
0013,599.5,324.5
0014,595.5,387.5
0014,595.5,352.5
0014,629.5,372.5
0014,656.5,358.5
0014,797.5,409.5
0014,745.5,354.5
0014,807.5,381.5
0014,718.5,355.5
0014,809.5,318.5
0014,630.5,342.5
0014,687.5,358.5
0014,773.5,338.5
0014,774.5,367.5
0014,599.5,324.5
0014,808.5,351.5
0018,594.5,387.5
0018,778.5,367.5
0018,619.5,374.5
0018,797.5,408.5
0018,809.5,351.5
0018,689.5,359.5
0018,809.5,383.5
0018,809.5,318.5
0018,586.5,350.5
0018,773.5,334.5
0018,661.5,341.5
0018,630.5,338.5
0018,599.5,323.5
0018,748.5,355.5
0018,717.5,355.5
0019,594.5,387.5
0019,746.5,355.5
0019,782.5,356.5
0019,623.5,364.5
0019,798.5,408.5
0019,688.5,360.5
0019,598.5,322.5
0019,670.5,313.5
0019,806.5,382.5
0019,594.5,358.5
0019,720.5,356.5
0019,808.5,317.5
0019,775.5,325.5
0019,629.5,325.5
0019,815.5,351.5
0020,594.5,387.5
0020,810.5,319.5
0020,808.5,381.5
0020,782.5,350.5
0020,593.5,353.5
0020,624.5,347.5
0020,810.5,344.5
0020,801.5,409.5
0020,756.5,359.5
0020,670.5,304.5
0020,687.5,358.5
0020,775.5,324.5
0020,596.5,321.5
0020,627.5,310.5
0020,720.5,356.5
0021,811.5,381.5
0021,594.5,387.5
0021,675.5,311.5
0021,816.5,349.5
0021,616.5,285.5
0021,718.5,357.5
0021,799.5,408.5
0021,622.5,333.5
0021,588.5,349.5
0021,774.5,323.5
0021,786.5,349.5
0021,598.5,322.5
0021,687.5,358.5
0021,808.5,317.5
0021,759.5,367.5
0022,810.5,381.5
0022,594.5,387.5
0022,589.5,351.5
0022,761.5,366.5
0022,774.5,321.5
0022,809.5,320.5
0022,784.5,399.5
0022,715.5,356.5
0022,628.5,327.5
0022,679.5,313.5
0022,785.5,349.5
0022,685.5,359.5
0022,622.5,276.5
0022,597.5,320.5
0022,816.5,349.5
0023,714.5,312.5
0023,813.5,346.5
0023,597.5,318.5
0023,759.5,364.5
0023,594.5,387.5
0023,719.5,351.5
0023,625.5,310.5
0023,805.5,397.5
0023,688.5,359.5
0023,620.5,279.5
0023,592.5,346.5
0023,809.5,317.5
0023,765.5,397.5
0023,786.5,349.5
0023,775.5,323.5
0030,594.5,387.5
0030,588.5,350.5
0030,618.5,301.5
0030,725.5,344.5
0030,759.5,398.5
0030,785.5,281.5
0030,765.5,452.5
0030,687.5,359.5
0030,597.5,320.5
0030,628.5,273.5
0030,772.5,361.5
0030,808.5,318.5
0030,815.5,348.5
0030,745.5,252.5
0030,805.5,374.5
0031,594.5,387.5
0031,780.5,274.5
0031,800.5,375.5
0031,617.5,300.5
0031,770.5,360.5
0031,758.5,456.5
0031,812.5,347.5
0031,596.5,322.5
0031,687.5,359.5
0031,761.5,399.5
0031,723.5,346.5
0031,591.5,350.5
0031,809.5,316.5
0031,743.5,252.5
0031,632.5,271.5
0032,809.5,320.5
0032,687.5,360.5
0032,756.5,456.5
0032,798.5,374.5
0032,593.5,388.5
0032,591.5,348.5
0032,631.5,268.5
0032,594.5,320.5
0032,775.5,271.5
0032,616.5,299.5
0032,770.5,359.5
0032,814.5,346.5
0032,723.5,346.5
0032,744.5,252.5
0032,759.5,401.5
0033,754.5,458.5
0033,628.5,270.5
0033,594.5,387.5
0033,729.5,344.5
0033,809.5,318.5
0033,771.5,265.5
0033,591.5,348.5
0033,594.5,320.5
0033,687.5,358.5
0033,813.5,345.5
0033,760.5,400.5
0033,769.5,359.5
0033,745.5,254.5
0033,798.5,372.5
0033,616.5,302.5
0034,737.5,346.5
0034,594.5,387.5
0034,751.5,460.5
0034,769.5,359.5
0034,815.5,348.5
0034,595.5,320.5
0034,809.5,318.5
0034,789.5,387.5
0034,616.5,299.5
0034,689.5,358.5
0034,632.5,269.5
0034,592.5,350.5
0034,758.5,398.5
0034,746.5,251.5
0034,770.5,267.5
0036,809.5,317.5
0036,743.5,251.5
0036,743.5,370.5
0036,770.5,360.5
0036,803.5,405.5
0036,754.5,461.5
0036,814.5,348.5
0036,687.5,358.5
0036,588.5,350.5
0036,771.5,266.5
0036,593.5,387.5
0036,615.5,300.5
0036,766.5,422.5
0036,595.5,321.5
0036,638.5,264.5
0037,751.5,460.5
0037,594.5,387.5
0037,809.5,318.5
0037,635.5,265.5
0037,687.5,359.5
0037,814.5,345.5
0037,590.5,350.5
0037,805.5,403.5
0037,618.5,301.5
0037,595.5,320.5
0037,745.5,252.5
0037,768.5,359.5
0037,750.5,379.5
0037,776.5,428.5
0037,768.5,267.5
0038,809.5,318.5
0038,748.5,378.5
0038,594.5,387.5
0038,596.5,321.5
0038,774.5,444.5
0038,741.5,251.5
0038,771.5,265.5
0038,749.5,459.5
0038,803.5,403.5
0038,768.5,361.5
0038,590.5,350.5
0038,687.5,359.5
0038,615.5,298.5
0038,802.5,346.5
0038,638.5,265.5
0040,596.5,316.5
0040,594.5,387.5
0040,808.5,316.5
0040,769.5,360.5
0040,747.5,379.5
0040,747.5,462.5
0040,633.5,264.5
0040,800.5,367.5
0040,769.5,446.5
0040,768.5,266.5
0040,684.5,361.5
0040,619.5,297.5
0040,593.5,349.5
0040,805.5,403.5
0040,743.5,253.5
0041,594.5,387.5
0041,748.5,379.5
0041,809.5,316.5
0041,741.5,253.5
0041,688.5,359.5
0041,738.5,464.5
0041,617.5,295.5
0041,771.5,352.5
0041,638.5,264.5
0041,598.5,318.5
0041,770.5,266.5
0041,590.5,348.5
0041,788.5,377.5
0041,804.5,403.5
0041,768.5,449.5
0043,591.5,349.5
0043,740.5,272.5
0043,814.5,351.5
0043,766.5,448.5
0043,807.5,316.5
0043,727.5,468.5
0043,766.5,266.5
0043,732.5,385.5
0043,595.5,386.5
0043,597.5,318.5
0043,688.5,359.5
0043,635.5,267.5
0043,806.5,396.5
0043,618.5,296.5
0043,779.5,363.5
0044,815.5,359.5
0044,616.5,292.5
0044,724.5,468.5
0044,728.5,394.5
0044,687.5,358.5
0044,743.5,285.5
0044,786.5,349.5
0044,590.5,349.5
0044,767.5,260.5
0044,593.5,388.5
0044,809.5,318.5
0044,599.5,316.5
0044,808.5,397.5
0044,767.5,450.5
0044,636.5,264.5
0046,814.5,369.5
0046,594.5,387.5
0046,596.5,312.5
0046,809.5,315.5
0046,770.5,448.5
0046,590.5,350.5
0046,776.5,272.5
0046,636.5,265.5
0046,624.5,296.5
0046,685.5,358.5
0046,726.5,467.5
0046,805.5,395.5
0046,718.5,438.5
0046,781.5,332.5
0046,773.5,300.5
0048,726.5,468.5
0048,781.5,332.5
0048,765.5,449.5
0048,807.5,315.5
0048,807.5,397.5
0048,699.5,454.5
0048,615.5,287.5
0048,590.5,356.5
0048,689.5,358.5
0048,815.5,363.5
0048,773.5,303.5
0048,593.5,389.5
0048,777.5,273.5
0048,600.5,313.5
0048,638.5,266.5
0049,774.5,300.5
0049,778.5,330.5
0049,726.5,468.5
0049,809.5,314.5
0049,688.5,359.5
0049,779.5,273.5
0049,639.5,264.5
0049,806.5,399.5
0049,593.5,390.5
0049,598.5,314.5
0049,591.5,355.5
0049,768.5,450.5
0049,700.5,456.5
0049,807.5,360.5
0049,614.5,289.5
0050,594.5,385.5
0050,588.5,354.5
0050,620.5,296.5
0050,807.5,312.5
0050,776.5,270.5
0050,726.5,468.5
0050,700.5,454.5
0050,596.5,318.5
0050,802.5,405.5
0050,768.5,449.5
0050,804.5,372.5
0050,641.5,262.5
0050,687.5,359.5
0050,780.5,329.5
0050,773.5,300.5
0051,721.5,469.5
0051,778.5,269.5
0051,591.5,350.5
0051,802.5,409.5
0051,788.5,384.5
0051,767.5,448.5
0051,598.5,318.5
0051,591.5,379.5
0051,805.5,307.5
0051,642.5,264.5
0051,772.5,303.5
0051,778.5,331.5
0051,687.5,359.5
0051,698.5,446.5
0051,620.5,298.5
0053,778.5,269.5
0053,762.5,453.5
0053,593.5,379.5
0053,784.5,324.5
0053,802.5,302.5
0053,802.5,409.5
0053,601.5,310.5
0053,770.5,301.5
0053,624.5,298.5
0053,641.5,263.5
0053,692.5,442.5
0053,686.5,360.5
0053,752.5,415.5
0053,595.5,339.5
0053,709.5,469.5
0057,668.5,464.5
0057,769.5,300.5
0057,778.5,269.5
0057,717.5,429.5
0057,625.5,288.5
0057,800.5,300.5
0057,593.5,379.5
0057,812.5,362.5
0057,688.5,358.5
0057,746.5,428.5
0057,783.5,327.5
0057,612.5,335.5
0057,602.5,307.5
0057,743.5,459.5
0057,645.5,261.5
0059,700.5,429.5
0059,593.5,379.5
0059,815.5,341.5
0059,767.5,299.5
0059,740.5,431.5
0059,669.5,464.5
0059,797.5,298.5
0059,731.5,468.5
0059,643.5,263.5
0059,652.5,324.5
0059,619.5,281.5
0059,777.5,269.5
0059,600.5,314.5
0059,685.5,358.5
0059,785.5,331.5
0060,768.5,302.5
0060,801.5,298.5
0060,593.5,379.5
0060,814.5,334.5
0060,743.5,418.5
0060,685.5,358.5
0060,718.5,469.5
0060,618.5,284.5
0060,783.5,329.5
0060,708.5,417.5
0060,674.5,322.5
0060,600.5,314.5
0060,670.5,464.5
0060,644.5,262.5
0060,777.5,271.5
0061,711.5,409.5
0061,593.5,379.5
0061,780.5,329.5
0061,622.5,284.5
0061,800.5,301.5
0061,811.5,330.5
0061,746.5,395.5
0061,685.5,321.5
0061,671.5,462.5
0061,717.5,467.5
0061,779.5,269.5
0061,686.5,360.5
0061,600.5,314.5
0061,641.5,264.5
0061,765.5,299.5
0063,593.5,379.5
0063,757.5,422.5
0063,776.5,270.5
0063,812.5,332.5
0063,800.5,304.5
0063,785.5,331.5
0063,670.5,463.5
0063,686.5,360.5
0063,722.5,467.5
0063,644.5,262.5
0063,600.5,313.5
0063,685.5,322.5
0063,747.5,379.5
0063,624.5,283.5
0063,746.5,276.5
0065,749.5,379.5
0065,800.5,303.5
0065,669.5,464.5
0065,788.5,432.5
0065,685.5,321.5
0065,636.5,286.5
0065,688.5,359.5
0065,811.5,329.5
0065,644.5,258.5
0065,776.5,270.5
0065,593.5,379.5
0065,744.5,274.5
0065,599.5,312.5
0065,778.5,331.5
0065,722.5,470.5
0066,723.5,468.5
0066,600.5,311.5
0066,593.5,379.5
0066,638.5,289.5
0066,799.5,303.5
0066,790.5,426.5
0066,671.5,463.5
0066,689.5,358.5
0066,811.5,331.5
0066,698.5,309.5
0066,645.5,261.5
0066,750.5,380.5
0066,742.5,273.5
0066,782.5,331.5
0066,776.5,269.5
0070,660.5,461.5
0070,743.5,461.5
0070,780.5,270.5
0070,792.5,418.5
0070,749.5,379.5
0070,799.5,302.5
0070,640.5,289.5
0070,745.5,273.5
0070,592.5,380.5
0070,646.5,263.5
0070,815.5,335.5
0070,600.5,314.5
0070,689.5,358.5
0070,700.5,318.5
0070,767.5,312.5
0072,736.5,466.5
0072,660.5,461.5
0072,800.5,302.5
0072,698.5,320.5
0072,774.5,411.5
0072,687.5,358.5
0072,723.5,337.5
0072,594.5,379.5
0072,748.5,380.5
0072,778.5,269.5
0072,682.5,271.5
0072,600.5,314.5
0072,743.5,274.5
0072,813.5,334.5
0072,643.5,257.5
0073,750.5,380.5
0073,732.5,466.5
0073,660.5,461.5
0073,593.5,379.5
0073,715.5,349.5
0073,744.5,274.5
0073,815.5,337.5
0073,775.5,270.5
0073,766.5,412.5
0073,646.5,261.5
0073,686.5,359.5
0073,691.5,270.5
0073,799.5,304.5
0073,601.5,312.5
0073,696.5,320.5
0074,660.5,461.5
0074,766.5,417.5
0074,732.5,466.5
0074,777.5,268.5
0074,691.5,270.5
0074,600.5,314.5
0074,716.5,349.5
0074,815.5,343.5
0074,689.5,358.5
0074,800.5,301.5
0074,747.5,262.5
0074,748.5,379.5
0074,645.5,260.5
0074,695.5,319.5
0074,594.5,380.5
0075,733.5,466.5
0075,660.5,461.5
0075,594.5,381.5
0075,781.5,274.5
0075,749.5,260.5
0075,688.5,358.5
0075,812.5,339.5
0075,766.5,416.5
0075,799.5,301.5
0075,715.5,348.5
0075,744.5,374.5
0075,698.5,318.5
0075,601.5,312.5
0075,644.5,257.5
0075,701.5,272.5
0076,660.5,461.5
0076,593.5,379.5
0076,749.5,259.5
0076,777.5,277.5
0076,812.5,337.5
0076,715.5,348.5
0076,732.5,466.5
0076,711.5,273.5
0076,766.5,418.5
0076,801.5,304.5
0076,601.5,312.5
0076,700.5,318.5
0076,683.5,346.5
0076,752.5,345.5
0076,645.5,260.5
0077,800.5,302.5
0077,660.5,461.5
0077,593.5,379.5
0077,750.5,258.5
0077,714.5,348.5
0077,732.5,466.5
0077,681.5,342.5
0077,719.5,271.5
0077,767.5,419.5
0077,809.5,328.5
0077,600.5,314.5
0077,698.5,320.5
0077,763.5,319.5
0077,644.5,257.5
0077,771.5,288.5
0078,660.5,461.5
0078,811.5,330.5
0078,600.5,311.5
0078,716.5,349.5
0078,733.5,467.5
0078,697.5,319.5
0078,762.5,315.5
0078,800.5,303.5
0078,765.5,417.5
0078,713.5,272.5
0078,646.5,261.5
0078,591.5,378.5
0078,683.5,344.5
0078,744.5,253.5
0078,773.5,287.5
0079,660.5,461.5
0079,715.5,348.5
0079,642.5,259.5
0079,713.5,271.5
0079,681.5,342.5
0079,593.5,379.5
0079,733.5,467.5
0079,599.5,312.5
0079,812.5,329.5
0079,800.5,301.5
0079,698.5,317.5
0079,765.5,417.5
0079,737.5,252.5
0079,765.5,315.5
0079,772.5,281.5
0084,593.5,379.5
0084,812.5,329.5
0084,716.5,408.5
0084,600.5,314.5
0084,743.5,250.5
0084,660.5,463.5
0084,768.5,318.5
0084,646.5,261.5
0084,733.5,467.5
0084,799.5,299.5
0084,682.5,342.5
0084,709.5,277.5
0084,759.5,282.5
0084,766.5,418.5
0084,698.5,318.5
0085,660.5,461.5
0085,809.5,326.5
0085,798.5,297.5
0085,593.5,379.5
0085,733.5,466.5
0085,599.5,312.5
0085,681.5,342.5
0085,766.5,418.5
0085,696.5,304.5
0085,718.5,409.5
0085,646.5,261.5
0085,758.5,283.5
0085,766.5,330.5
0085,747.5,251.5
0085,730.5,277.5
0086,765.5,328.5
0086,593.5,379.5
0086,725.5,468.5
0086,809.5,324.5
0086,720.5,407.5
0086,659.5,455.5
0086,765.5,417.5
0086,682.5,343.5
0086,689.5,286.5
0086,746.5,254.5
0086,770.5,288.5
0086,599.5,315.5
0086,800.5,297.5
0086,729.5,275.5
0086,645.5,260.5
0088,746.5,254.5
0088,718.5,407.5
0088,593.5,379.5
0088,767.5,417.5
0088,677.5,453.5
0088,711.5,472.5
0088,642.5,262.5
0088,599.5,312.5
0088,689.5,273.5
0088,770.5,282.5
0088,766.5,328.5
0088,682.5,342.5
0088,810.5,328.5
0088,728.5,279.5
0088,800.5,297.5
0089,593.5,379.5
0089,682.5,343.5
0089,765.5,328.5
0089,716.5,408.5
0089,599.5,313.5
0089,750.5,254.5
0089,713.5,469.5
0089,689.5,273.5
0089,728.5,277.5
0089,798.5,300.5
0089,766.5,418.5
0089,810.5,328.5
0089,774.5,278.5
0089,646.5,257.5
0089,685.5,469.5
0090,765.5,328.5
0090,687.5,467.5
0090,730.5,281.5
0090,717.5,406.5
0090,689.5,273.5
0090,718.5,469.5
0090,593.5,379.5
0090,797.5,303.5
0090,753.5,254.5
0090,645.5,260.5
0090,680.5,343.5
0090,780.5,278.5
0090,765.5,417.5
0090,812.5,329.5
0090,601.5,312.5
0091,677.5,463.5
0091,778.5,273.5
0091,812.5,327.5
0091,600.5,311.5
0091,755.5,259.5
0091,594.5,378.5
0091,767.5,417.5
0091,716.5,408.5
0091,764.5,329.5
0091,797.5,296.5
0091,682.5,343.5
0091,742.5,287.5
0091,688.5,275.5
0091,735.5,465.5
0091,646.5,261.5
0092,742.5,463.5
0092,593.5,379.5
0092,645.5,261.5
0092,600.5,314.5
0092,745.5,283.5
0092,682.5,342.5
0092,792.5,297.5
0092,677.5,452.5
0092,766.5,329.5
0092,716.5,407.5
0092,689.5,273.5
0092,747.5,253.5
0092,774.5,412.5
0092,811.5,326.5
0092,776.5,272.5
0093,593.5,379.5
0093,676.5,436.5
0093,689.5,273.5
0093,600.5,311.5
0093,780.5,409.5
0093,766.5,330.5
0093,734.5,468.5
0093,652.5,255.5
0093,720.5,407.5
0093,796.5,299.5
0093,808.5,324.5
0093,777.5,268.5
0093,681.5,342.5
0093,746.5,253.5
0093,744.5,285.5
0094,688.5,273.5
0094,779.5,268.5
0094,673.5,414.5
0094,729.5,466.5
0094,778.5,426.5
0094,664.5,251.5
0094,601.5,312.5
0094,681.5,342.5
0094,812.5,328.5
0094,766.5,330.5
0094,717.5,412.5
0094,795.5,301.5
0094,750.5,255.5
0094,749.5,285.5
0094,593.5,378.5
0095,811.5,327.5
0095,593.5,379.5
0095,783.5,275.5
0095,733.5,431.5
0095,675.5,415.5
0095,601.5,312.5
0095,731.5,466.5
0095,764.5,329.5
0095,687.5,272.5
0095,756.5,255.5
0095,798.5,297.5
0095,747.5,285.5
0095,682.5,343.5
0095,670.5,247.5
0095,776.5,429.5
0098,593.5,379.5
0098,769.5,401.5
0098,751.5,453.5
0098,754.5,373.5
0098,797.5,300.5
0098,725.5,469.5
0098,811.5,327.5
0098,755.5,256.5
0098,601.5,312.5
0098,748.5,287.5
0098,682.5,343.5
0098,777.5,278.5
0098,676.5,248.5
0098,672.5,413.5
0098,703.5,262.5
0099,671.5,405.5
0099,749.5,255.5
0099,754.5,373.5
0099,769.5,401.5
0099,714.5,250.5
0099,600.5,312.5
0099,798.5,298.5
0099,723.5,468.5
0099,748.5,283.5
0099,592.5,375.5
0099,777.5,276.5
0099,812.5,330.5
0099,682.5,342.5
0099,747.5,445.5
0099,676.5,247.5
0100,590.5,366.5
0100,769.5,400.5
0100,712.5,245.5
0100,742.5,253.5
0100,754.5,373.5
0100,667.5,386.5
0100,681.5,342.5
0100,743.5,446.5
0100,776.5,268.5
0100,675.5,249.5
0100,747.5,288.5
0100,597.5,314.5
0100,723.5,468.5
0100,794.5,294.5
0100,807.5,336.5
0103,769.5,401.5
0103,767.5,337.5
0103,768.5,262.5
0103,741.5,447.5
0103,591.5,347.5
0103,712.5,245.5
0103,722.5,467.5
0103,742.5,250.5
0103,785.5,287.5
0103,598.5,312.5
0103,668.5,376.5
0103,674.5,248.5
0103,756.5,373.5
0103,680.5,343.5
0103,751.5,291.5
0104,737.5,250.5
0104,772.5,336.5
0104,600.5,312.5
0104,779.5,290.5
0104,767.5,404.5
0104,591.5,347.5
0104,682.5,342.5
0104,706.5,245.5
0104,742.5,445.5
0104,766.5,261.5
0104,667.5,374.5
0104,723.5,468.5
0104,756.5,372.5
0104,674.5,249.5
0104,751.5,291.5
0105,675.5,247.5
0105,780.5,294.5
0105,754.5,374.5
0105,767.5,262.5
0105,723.5,469.5
0105,767.5,415.5
0105,590.5,347.5
0105,773.5,343.5
0105,748.5,291.5
0105,598.5,313.5
0105,668.5,376.5
0105,740.5,446.5
0105,705.5,245.5
0105,731.5,262.5
0105,680.5,343.5
0107,769.5,425.5
0107,754.5,373.5
0107,669.5,375.5
0107,679.5,246.5
0107,601.5,311.5
0107,743.5,446.5
0107,590.5,346.5
0107,724.5,469.5
0107,682.5,340.5
0107,704.5,246.5
0107,745.5,290.5
0107,765.5,260.5
0107,713.5,312.5
0107,790.5,369.5
0107,776.5,302.5
0109,764.5,376.5
0109,770.5,445.5
0109,600.5,311.5
0109,705.5,243.5
0109,592.5,346.5
0109,675.5,336.5
0109,676.5,310.5
0109,741.5,355.5
0109,771.5,266.5
0109,677.5,248.5
0109,723.5,468.5
0109,757.5,327.5
0109,745.5,291.5
0109,742.5,448.5
0109,816.5,356.5
0111,769.5,345.5
0111,596.5,312.5
0111,794.5,365.5
0111,744.5,289.5
0111,740.5,363.5
0111,703.5,327.5
0111,675.5,248.5
0111,770.5,448.5
0111,723.5,468.5
0111,670.5,304.5
0111,742.5,446.5
0111,592.5,346.5
0111,809.5,333.5
0111,705.5,245.5
0111,792.5,292.5
0112,741.5,445.5
0112,599.5,314.5
0112,809.5,375.5
0112,680.5,300.5
0112,812.5,328.5
0112,675.5,247.5
0112,705.5,244.5
0112,769.5,450.5
0112,708.5,326.5
0112,728.5,356.5
0112,787.5,306.5
0112,591.5,347.5
0112,747.5,289.5
0112,725.5,467.5
0112,785.5,352.5
0113,742.5,446.5
0113,784.5,313.5
0113,791.5,353.5
0113,665.5,304.5
0113,677.5,248.5
0113,811.5,329.5
0113,591.5,347.5
0113,599.5,313.5
0113,744.5,290.5
0113,811.5,382.5
0113,771.5,446.5
0113,720.5,468.5
0113,707.5,247.5
0113,710.5,329.5
0113,725.5,356.5
0114,727.5,356.5
0114,811.5,329.5
0114,769.5,444.5
0114,709.5,329.5
0114,718.5,470.5
0114,655.5,303.5
0114,785.5,314.5
0114,791.5,352.5
0114,739.5,445.5
0114,813.5,384.5
0114,589.5,347.5
0114,675.5,249.5
0114,598.5,316.5
0114,706.5,247.5
0114,741.5,294.5
0115,741.5,309.5
0115,811.5,329.5
0115,791.5,353.5
0115,773.5,440.5
0115,705.5,241.5
0115,677.5,248.5
0115,728.5,356.5
0115,652.5,293.5
0115,707.5,328.5
0115,597.5,313.5
0115,720.5,467.5
0115,785.5,314.5
0115,811.5,393.5
0115,592.5,345.5
0115,739.5,446.5
0117,604.5,337.5
0117,811.5,329.5
0117,649.5,292.5
0117,774.5,440.5
0117,791.5,353.5
0117,742.5,445.5
0117,707.5,328.5
0117,613.5,298.5
0117,740.5,315.5
0117,786.5,313.5
0117,806.5,402.5
0117,723.5,470.5
0117,675.5,248.5
0117,705.5,244.5
0117,728.5,357.5
0120,810.5,331.5
0120,611.5,294.5
0120,709.5,326.5
0120,725.5,467.5
0120,750.5,305.5
0120,650.5,292.5
0120,609.5,336.5
0120,742.5,443.5
0120,726.5,355.5
0120,679.5,249.5
0120,706.5,244.5
0120,785.5,313.5
0120,760.5,364.5
0120,773.5,430.5
0120,808.5,383.5
0121,753.5,290.5
0121,773.5,419.5
0121,610.5,335.5
0121,746.5,440.5
0121,809.5,365.5
0121,785.5,314.5
0121,648.5,293.5
0121,610.5,292.5
0121,708.5,326.5
0121,725.5,356.5
0121,729.5,467.5
0121,749.5,374.5
0121,810.5,329.5
0121,676.5,246.5
0121,707.5,244.5
0123,774.5,421.5
0123,809.5,321.5
0123,815.5,351.5
0123,613.5,291.5
0123,748.5,436.5
0123,780.5,325.5
0123,706.5,244.5
0123,610.5,335.5
0123,733.5,407.5
0123,773.5,290.5
0123,649.5,292.5
0123,738.5,464.5
0123,678.5,246.5
0123,709.5,328.5
0123,728.5,356.5
0124,734.5,408.5
0124,774.5,421.5
0124,803.5,307.5
0124,652.5,292.5
0124,778.5,331.5
0124,610.5,335.5
0124,746.5,433.5
0124,707.5,327.5
0124,726.5,355.5
0124,610.5,293.5
0124,743.5,463.5
0124,814.5,337.5
0124,771.5,290.5
0124,678.5,247.5
0124,708.5,247.5
0125,774.5,421.5
0125,734.5,408.5
0125,771.5,289.5
0125,747.5,433.5
0125,610.5,335.5
0125,777.5,339.5
0125,680.5,247.5
0125,742.5,462.5
0125,801.5,300.5
0125,707.5,327.5
0125,614.5,288.5
0125,651.5,293.5
0125,709.5,246.5
0125,808.5,328.5
0125,725.5,356.5
0127,734.5,408.5
0127,807.5,323.5
0127,774.5,421.5
0127,616.5,286.5
0127,797.5,295.5
0127,726.5,355.5
0127,679.5,247.5
0127,768.5,283.5
0127,651.5,292.5
0127,609.5,334.5
0127,707.5,327.5
0127,743.5,463.5
0127,747.5,433.5
0127,709.5,245.5
0127,765.5,351.5
0128,810.5,327.5
0128,609.5,334.5
0128,708.5,327.5
0128,683.5,246.5
0128,773.5,422.5
0128,743.5,461.5
0128,649.5,292.5
0128,710.5,246.5
0128,768.5,350.5
0128,733.5,409.5
0128,751.5,431.5
0128,796.5,298.5
0128,725.5,356.5
0128,616.5,286.5
0128,772.5,272.5
0129,774.5,421.5
0129,709.5,327.5
0129,733.5,406.5
0129,680.5,247.5
0129,617.5,285.5
0129,710.5,246.5
0129,809.5,320.5
0129,650.5,293.5
0129,610.5,336.5
0129,765.5,359.5
0129,791.5,293.5
0129,745.5,437.5
0129,737.5,467.5
0129,725.5,357.5
0129,771.5,268.5
0130,807.5,318.5
0130,733.5,406.5
0130,730.5,324.5
0130,650.5,294.5
0130,792.5,290.5
0130,773.5,415.5
0130,612.5,337.5
0130,677.5,246.5
0130,617.5,284.5
0130,735.5,464.5
0130,770.5,268.5
0130,725.5,356.5
0130,739.5,439.5
0130,711.5,248.5
0130,757.5,362.5
0131,733.5,406.5
0131,768.5,406.5
0131,756.5,325.5
0131,734.5,470.5
0131,678.5,246.5
0131,809.5,322.5
0131,652.5,292.5
0131,725.5,355.5
0131,611.5,334.5
0131,754.5,364.5
0131,771.5,266.5
0131,617.5,284.5
0131,740.5,438.5
0131,715.5,256.5
0131,792.5,290.5
0132,763.5,335.5
0132,763.5,412.5
0132,610.5,335.5
0132,810.5,337.5
0132,714.5,257.5
0132,680.5,248.5
0132,731.5,406.5
0132,617.5,284.5
0132,790.5,287.5
0132,650.5,294.5
0132,748.5,375.5
0132,732.5,466.5
0132,754.5,450.5
0132,725.5,358.5
0132,766.5,265.5
0134,733.5,406.5
0134,615.5,285.5
0134,786.5,299.5
0134,609.5,337.5
0134,746.5,339.5
0134,765.5,375.5
0134,706.5,354.5
0134,683.5,245.5
0134,726.5,461.5
0134,762.5,422.5
0134,812.5,363.5
0134,767.5,268.5
0134,642.5,298.5
0134,730.5,267.5
0134,760.5,451.5
0136,757.5,453.5
0136,615.5,361.5
0136,686.5,385.5
0136,726.5,468.5
0136,733.5,406.5
0136,814.5,373.5
0136,710.5,243.5
0136,639.5,304.5
0136,617.5,283.5
0136,735.5,265.5
0136,770.5,268.5
0136,768.5,404.5
0136,805.5,324.5
0136,768.5,375.5
0136,742.5,317.5
0138,742.5,313.5
0138,811.5,384.5
0138,617.5,283.5
0138,773.5,276.5
0138,768.5,405.5
0138,639.5,304.5
0138,751.5,256.5
0138,768.5,376.5
0138,811.5,337.5
0138,631.5,367.5
0138,733.5,406.5
0138,726.5,468.5
0138,686.5,377.5
0138,761.5,450.5
0138,703.5,240.5
0143,814.5,340.5
0143,750.5,254.5
0143,758.5,456.5
0143,617.5,285.5
0143,639.5,304.5
0143,806.5,393.5
0143,723.5,244.5
0143,656.5,369.5
0143,753.5,425.5
0143,727.5,469.5
0143,775.5,293.5
0143,738.5,280.5
0143,783.5,337.5
0143,659.5,401.5
0143,785.5,408.5
0144,739.5,282.5
0144,816.5,342.5
0144,752.5,426.5
0144,655.5,401.5
0144,808.5,394.5
0144,782.5,407.5
0144,727.5,465.5
0144,660.5,369.5
0144,617.5,283.5
0144,720.5,243.5
0144,640.5,304.5
0144,783.5,338.5
0144,758.5,453.5
0144,776.5,293.5
0144,752.5,254.5
0145,752.5,426.5
0145,728.5,246.5
0145,808.5,394.5
0145,815.5,361.5
0145,738.5,282.5
0145,635.5,394.5
0145,759.5,454.5
0145,777.5,306.5
0145,780.5,409.5
0145,757.5,258.5
0145,639.5,304.5
0145,659.5,369.5
0145,782.5,338.5
0145,727.5,466.5
0145,618.5,282.5
0146,752.5,426.5
0146,660.5,369.5
0146,758.5,455.5
0146,608.5,379.5
0146,814.5,364.5
0146,639.5,304.5
0146,782.5,407.5
0146,726.5,468.5
0146,617.5,283.5
0146,774.5,267.5
0146,810.5,394.5
0146,737.5,283.5
0146,780.5,306.5
0146,738.5,251.5
0146,782.5,338.5
0147,661.5,368.5
0147,610.5,378.5
0147,782.5,409.5
0147,726.5,468.5
0147,816.5,364.5
0147,638.5,304.5
0147,811.5,392.5
0147,760.5,457.5
0147,752.5,256.5
0147,741.5,282.5
0147,754.5,424.5
0147,782.5,274.5
0147,616.5,283.5
0147,781.5,337.5
0147,789.5,304.5
0149,753.5,460.5
0149,609.5,379.5
0149,781.5,408.5
0149,784.5,277.5
0149,617.5,283.5
0149,811.5,394.5
0149,762.5,259.5
0149,814.5,366.5
0149,724.5,470.5
0149,639.5,304.5
0149,764.5,429.5
0149,782.5,339.5
0149,662.5,368.5
0149,798.5,303.5
0149,735.5,274.5
0150,734.5,261.5
0150,615.5,284.5
0150,775.5,399.5
0150,608.5,378.5
0150,766.5,428.5
0150,790.5,287.5
0150,765.5,261.5
0150,815.5,369.5
0150,786.5,338.5
0150,729.5,470.5
0150,639.5,302.5
0150,809.5,394.5
0150,805.5,312.5
0150,659.5,369.5
0150,755.5,456.5
0151,805.5,313.5
0151,738.5,249.5
0151,609.5,377.5
0151,768.5,402.5
0151,725.5,469.5
0151,617.5,283.5
0151,639.5,304.5
0151,769.5,264.5
0151,662.5,368.5
0151,754.5,458.5
0151,789.5,285.5
0151,764.5,427.5
0151,814.5,367.5
0151,784.5,337.5
0151,807.5,395.5
0152,727.5,467.5
0152,659.5,370.5
0152,776.5,400.5
0152,610.5,378.5
0152,767.5,263.5
0152,781.5,330.5
0152,738.5,250.5
0152,757.5,456.5
0152,812.5,368.5
0152,764.5,427.5
0152,789.5,285.5
0152,804.5,312.5
0152,639.5,304.5
0152,617.5,283.5
0152,807.5,397.5
0153,765.5,427.5
0153,779.5,403.5
0153,726.5,469.5
0153,610.5,378.5
0153,814.5,363.5
0153,740.5,251.5
0153,783.5,333.5
0153,789.5,288.5
0153,661.5,368.5
0153,639.5,304.5
0153,805.5,308.5
0153,617.5,283.5
0153,767.5,263.5
0153,810.5,395.5
0153,755.5,455.5
0154,739.5,250.5
0154,615.5,282.5
0154,661.5,368.5
0154,610.5,378.5
0154,805.5,312.5
0154,639.5,304.5
0154,764.5,425.5
0154,777.5,402.5
0154,809.5,394.5
0154,769.5,265.5
0154,750.5,454.5
0154,726.5,466.5
0154,812.5,365.5
0154,777.5,328.5
0154,784.5,290.5
0155,766.5,425.5
0155,610.5,378.5
0155,738.5,247.5
0155,773.5,264.5
0155,780.5,290.5
0155,752.5,452.5
0155,814.5,365.5
0155,724.5,469.5
0155,806.5,312.5
0155,661.5,367.5
0155,764.5,324.5
0155,617.5,283.5
0155,807.5,396.5
0155,640.5,303.5
0155,774.5,397.5
0158,724.5,470.5
0158,805.5,312.5
0158,737.5,251.5
0158,781.5,396.5
0158,770.5,264.5
0158,639.5,304.5
0158,814.5,368.5
0158,766.5,321.5
0158,765.5,426.5
0158,781.5,290.5
0158,609.5,377.5
0158,617.5,286.5
0158,799.5,417.5
0158,660.5,370.5
0158,750.5,461.5
0159,642.5,291.5
0159,612.5,291.5
0159,793.5,424.5
0159,750.5,459.5
0159,769.5,263.5
0159,816.5,366.5
0159,805.5,312.5
0159,780.5,395.5
0159,660.5,370.5
0159,721.5,466.5
0159,609.5,377.5
0159,738.5,251.5
0159,764.5,324.5
0159,782.5,291.5
0159,765.5,426.5
0162,610.5,378.5
0162,739.5,250.5
0162,717.5,430.5
0162,660.5,369.5
0162,637.5,267.5
0162,785.5,358.5
0162,805.5,309.5
0162,812.5,355.5
0162,791.5,428.5
0162,749.5,461.5
0162,611.5,292.5
0162,768.5,267.5
0162,761.5,424.5
0162,782.5,290.5
0162,779.5,396.5
0163,739.5,250.5
0163,610.5,378.5
0163,789.5,430.5
0163,768.5,262.5
0163,637.5,267.5
0163,758.5,423.5
0163,696.5,406.5
0163,750.5,465.5
0163,816.5,352.5
0163,785.5,359.5
0163,608.5,290.5
0163,805.5,312.5
0163,780.5,396.5
0163,782.5,291.5
0163,662.5,367.5
0167,610.5,378.5
0167,754.5,417.5
0167,749.5,461.5
0167,815.5,342.5
0167,654.5,257.5
0167,767.5,262.5
0167,672.5,409.5
0167,739.5,249.5
0167,791.5,374.5
0167,618.5,314.5
0167,662.5,369.5
0167,786.5,288.5
0167,792.5,430.5
0167,803.5,400.5
0167,804.5,307.5
0168,814.5,339.5
0168,803.5,306.5
0168,767.5,260.5
0168,753.5,397.5
0168,795.5,364.5
0168,673.5,409.5
0168,671.5,251.5
0168,780.5,289.5
0168,742.5,251.5
0168,609.5,368.5
0168,663.5,377.5
0168,752.5,461.5
0168,807.5,399.5
0168,618.5,340.5
0168,782.5,432.5
0172,729.5,366.5
0172,808.5,328.5
0172,733.5,246.5
0172,662.5,364.5
0172,590.5,350.5
0172,672.5,410.5
0172,793.5,359.5
0172,755.5,421.5
0172,808.5,399.5
0172,759.5,298.5
0172,685.5,249.5
0172,777.5,270.5
0172,798.5,299.5
0172,748.5,460.5
0172,619.5,341.5
0173,767.5,409.5
0173,807.5,397.5
0173,620.5,340.5
0173,739.5,247.5
0173,793.5,361.5
0173,591.5,348.5
0173,749.5,459.5
0173,759.5,295.5
0173,653.5,359.5
0173,728.5,364.5
0173,671.5,410.5
0173,777.5,269.5
0173,684.5,246.5
0173,801.5,323.5
0173,796.5,295.5
0174,729.5,366.5
0174,619.5,339.5
0174,591.5,349.5
0174,743.5,251.5
0174,757.5,295.5
0174,645.5,359.5
0174,779.5,412.5
0174,800.5,331.5
0174,793.5,293.5
0174,793.5,360.5
0174,684.5,246.5
0174,672.5,411.5
0174,810.5,396.5
0174,776.5,270.5
0174,749.5,462.5
0176,591.5,340.5
0176,782.5,410.5
0176,770.5,266.5
0176,726.5,365.5
0176,778.5,320.5
0176,672.5,410.5
0176,807.5,398.5
0176,619.5,339.5
0176,638.5,365.5
0176,684.5,246.5
0176,743.5,252.5
0176,756.5,295.5
0176,793.5,362.5
0176,786.5,291.5
0176,750.5,460.5
0177,592.5,339.5
0177,736.5,249.5
0177,722.5,362.5
0177,787.5,287.5
0177,672.5,410.5
0177,767.5,263.5
0177,640.5,366.5
0177,750.5,460.5
0177,776.5,317.5
0177,808.5,397.5
0177,622.5,340.5
0177,793.5,361.5
0177,682.5,245.5
0177,756.5,293.5
0177,778.5,407.5
0178,740.5,250.5
0178,590.5,344.5
0178,701.5,353.5
0178,640.5,366.5
0178,764.5,260.5
0178,788.5,280.5
0178,685.5,247.5
0178,750.5,460.5
0178,770.5,402.5
0178,807.5,396.5
0178,672.5,411.5
0178,778.5,313.5
0178,620.5,337.5
0178,794.5,360.5
0178,753.5,293.5
0181,807.5,396.5
0181,762.5,406.5
0181,680.5,351.5
0181,751.5,292.5
0181,792.5,358.5
0181,749.5,462.5
0181,764.5,261.5
0181,672.5,410.5
0181,684.5,246.5
0181,732.5,250.5
0181,784.5,286.5
0181,639.5,369.5
0181,593.5,333.5
0181,767.5,317.5
0181,613.5,353.5
0184,762.5,406.5
0184,684.5,354.5
0184,641.5,368.5
0184,593.5,331.5
0184,749.5,461.5
0184,622.5,400.5
0184,753.5,294.5
0184,736.5,249.5
0184,684.5,246.5
0184,671.5,410.5
0184,807.5,396.5
0184,794.5,360.5
0184,765.5,260.5
0184,783.5,279.5
0184,771.5,317.5
0185,762.5,406.5
0185,751.5,291.5
0185,594.5,331.5
0185,640.5,369.5
0185,683.5,245.5
0185,763.5,262.5
0185,681.5,403.5
0185,793.5,362.5
0185,807.5,396.5
0185,729.5,251.5
0185,750.5,460.5
0185,784.5,286.5
0185,634.5,423.5
0185,770.5,318.5
0185,688.5,355.5
0188,756.5,318.5
0188,729.5,247.5
0188,641.5,368.5
0188,749.5,464.5
0188,782.5,280.5
0188,595.5,333.5
0188,762.5,406.5
0188,740.5,292.5
0188,635.5,429.5
0188,694.5,329.5
0188,684.5,246.5
0188,690.5,361.5
0188,760.5,257.5
0188,806.5,397.5
0188,793.5,361.5
0190,728.5,315.5
0190,758.5,259.5
0190,695.5,326.5
0190,729.5,249.5
0190,640.5,369.5
0190,750.5,460.5
0190,793.5,362.5
0190,635.5,432.5
0190,684.5,357.5
0190,593.5,333.5
0190,708.5,290.5
0190,811.5,385.5
0190,786.5,281.5
0190,684.5,246.5
0190,761.5,408.5
0191,760.5,259.5
0191,636.5,430.5
0191,640.5,369.5
0191,695.5,326.5
0191,727.5,255.5
0191,749.5,461.5
0191,760.5,405.5
0191,684.5,246.5
0191,732.5,305.5
0191,593.5,333.5
0191,809.5,386.5
0191,682.5,356.5
0191,792.5,360.5
0191,702.5,298.5
0191,786.5,282.5
0192,641.5,368.5
0192,695.5,327.5
0192,732.5,248.5
0192,762.5,406.5
0192,593.5,332.5
0192,809.5,390.5
0192,730.5,295.5
0192,786.5,283.5
0192,761.5,260.5
0192,750.5,460.5
0192,636.5,430.5
0192,793.5,360.5
0192,684.5,246.5
0192,683.5,354.5
0192,695.5,295.5
0193,631.5,364.5
0193,727.5,299.5
0193,762.5,406.5
0193,809.5,392.5
0193,689.5,243.5
0193,695.5,327.5
0193,594.5,331.5
0193,750.5,460.5
0193,737.5,250.5
0193,766.5,263.5
0193,696.5,296.5
0193,636.5,432.5
0193,792.5,360.5
0193,681.5,355.5
0193,789.5,286.5
0194,809.5,392.5
0194,737.5,248.5
0194,690.5,324.5
0194,762.5,406.5
0194,749.5,461.5
0194,593.5,332.5
0194,790.5,284.5
0194,618.5,366.5
0194,681.5,355.5
0194,725.5,305.5
0194,794.5,360.5
0194,691.5,254.5
0194,696.5,298.5
0194,636.5,431.5
0194,767.5,262.5
0195,607.5,363.5
0195,689.5,356.5
0195,685.5,325.5
0195,635.5,431.5
0195,737.5,253.5
0195,787.5,283.5
0195,761.5,407.5
0195,809.5,392.5
0195,789.5,350.5
0195,749.5,461.5
0195,592.5,333.5
0195,724.5,306.5
0195,696.5,296.5
0195,695.5,260.5
0195,764.5,262.5
0196,591.5,362.5
0196,779.5,343.5
0196,695.5,256.5
0196,809.5,392.5
0196,693.5,300.5
0196,732.5,263.5
0196,635.5,429.5
0196,749.5,461.5
0196,763.5,262.5
0196,590.5,332.5
0196,674.5,321.5
0196,786.5,282.5
0196,684.5,349.5
0196,762.5,405.5
0196,726.5,303.5
0197,762.5,406.5
0197,750.5,460.5
0197,672.5,322.5
0197,590.5,361.5
0197,592.5,333.5
0197,691.5,297.5
0197,809.5,392.5
0197,637.5,433.5
0197,787.5,284.5
0197,682.5,350.5
0197,726.5,299.5
0197,764.5,262.5
0197,692.5,260.5
0197,770.5,345.5
0197,722.5,261.5
0200,684.5,349.5
0200,594.5,332.5
0200,717.5,275.5
0200,766.5,260.5
0200,590.5,357.5
0200,781.5,282.5
0200,637.5,430.5
0200,762.5,405.5
0200,684.5,295.5
0200,748.5,460.5
0200,664.5,271.5
0200,688.5,260.5
0200,673.5,320.5
0200,778.5,351.5
0200,809.5,393.5
0202,762.5,406.5
0202,809.5,392.5
0202,594.5,331.5
0202,751.5,462.5
0202,663.5,251.5
0202,692.5,260.5
0202,717.5,279.5
0202,635.5,431.5
0202,631.5,294.5
0202,671.5,320.5
0202,782.5,282.5
0202,590.5,363.5
0202,675.5,352.5
0202,786.5,372.5
0202,762.5,263.5
0203,594.5,331.5
0203,712.5,294.5
0203,785.5,376.5
0203,762.5,260.5
0203,810.5,392.5
0203,766.5,399.5
0203,673.5,318.5
0203,589.5,363.5
0203,693.5,257.5
0203,749.5,461.5
0203,666.5,252.5
0203,635.5,429.5
0203,783.5,281.5
0203,674.5,350.5
0203,606.5,299.5
0204,674.5,321.5
0204,705.5,297.5
0204,775.5,404.5
0204,590.5,326.5
0204,692.5,260.5
0204,762.5,260.5
0204,603.5,304.5
0204,636.5,430.5
0204,675.5,350.5
0204,590.5,362.5
0204,748.5,460.5
0204,807.5,394.5
0204,786.5,373.5
0204,783.5,282.5
0204,657.5,254.5
0205,589.5,366.5
0205,592.5,333.5
0205,809.5,393.5
0205,603.5,305.5
0205,778.5,405.5
0205,635.5,432.5
0205,694.5,257.5
0205,787.5,372.5
0205,767.5,263.5
0205,749.5,466.5
0205,783.5,282.5
0205,674.5,350.5
0205,672.5,321.5
0205,660.5,259.5
0205,712.5,285.5
0206,637.5,431.5
0206,592.5,334.5
0206,592.5,365.5
0206,693.5,257.5
0206,783.5,281.5
0206,778.5,400.5
0206,749.5,461.5
0206,809.5,393.5
0206,674.5,351.5
0206,664.5,269.5
0206,671.5,320.5
0206,724.5,281.5
0206,786.5,370.5
0206,602.5,304.5
0206,762.5,263.5
0207,775.5,397.5
0207,692.5,258.5
0207,742.5,282.5
0207,636.5,430.5
0207,750.5,460.5
0207,594.5,367.5
0207,809.5,393.5
0207,593.5,334.5
0207,667.5,286.5
0207,674.5,321.5
0207,602.5,306.5
0207,675.5,350.5
0207,785.5,284.5
0207,787.5,371.5
0207,763.5,262.5
0208,593.5,371.5
0208,809.5,393.5
0208,694.5,258.5
0208,745.5,297.5
0208,601.5,308.5
0208,636.5,430.5
0208,668.5,290.5
0208,792.5,370.5
0208,750.5,462.5
0208,769.5,387.5
0208,783.5,282.5
0208,671.5,321.5
0208,760.5,261.5
0208,673.5,353.5
0208,589.5,337.5
0210,762.5,261.5
0210,655.5,293.5
0210,693.5,257.5
0210,761.5,382.5
0210,748.5,460.5
0210,600.5,365.5
0210,672.5,322.5
0210,789.5,371.5
0210,636.5,431.5
0210,600.5,306.5
0210,675.5,352.5
0210,753.5,290.5
0210,783.5,283.5
0210,811.5,394.5
0210,590.5,336.5
0211,673.5,321.5
0211,753.5,289.5
0211,605.5,302.5
0211,787.5,372.5
0211,693.5,257.5
0211,808.5,394.5
0211,765.5,264.5
0211,782.5,279.5
0211,635.5,429.5
0211,750.5,460.5
0211,659.5,293.5
0211,756.5,382.5
0211,601.5,365.5
0211,594.5,330.5
0211,675.5,352.5
0212,600.5,366.5
0212,764.5,262.5
0212,692.5,257.5
0212,673.5,321.5
0212,753.5,391.5
0212,608.5,297.5
0212,596.5,324.5
0212,752.5,290.5
0212,784.5,283.5
0212,646.5,302.5
0212,749.5,461.5
0212,636.5,432.5
0212,788.5,375.5
0212,808.5,392.5
0212,675.5,352.5
0215,766.5,263.5
0215,594.5,325.5
0215,637.5,431.5
0215,601.5,365.5
0215,674.5,323.5
0215,772.5,310.5
0215,785.5,373.5
0215,810.5,388.5
0215,673.5,352.5
0215,774.5,400.5
0215,789.5,285.5
0215,647.5,298.5
0215,750.5,460.5
0215,617.5,301.5
0215,700.5,261.5
0216,600.5,366.5
0216,748.5,460.5
0216,781.5,403.5
0216,811.5,388.5
0216,764.5,260.5
0216,659.5,355.5
0216,649.5,297.5
0216,789.5,285.5
0216,595.5,324.5
0216,672.5,322.5
0216,763.5,313.5
0216,636.5,431.5
0216,785.5,373.5
0216,621.5,287.5
0216,704.5,260.5
0218,815.5,364.5
0218,597.5,318.5
0218,767.5,265.5
0218,673.5,321.5
0218,601.5,367.5
0218,789.5,285.5
0218,784.5,416.5
0218,630.5,351.5
0218,640.5,427.5
0218,650.5,296.5
0218,786.5,371.5
0218,764.5,316.5
0218,702.5,260.5
0218,609.5,293.5
0218,750.5,460.5
0219,596.5,321.5
0219,762.5,258.5
0219,648.5,415.5
0219,674.5,321.5
0219,610.5,290.5
0219,766.5,322.5
0219,618.5,342.5
0219,750.5,460.5
0219,650.5,298.5
0219,788.5,284.5
0219,815.5,353.5
0219,802.5,413.5
0219,786.5,371.5
0219,600.5,367.5
0219,702.5,259.5
0220,766.5,320.5
0220,597.5,319.5
0220,600.5,367.5
0220,750.5,460.5
0220,650.5,297.5
0220,750.5,254.5
0220,619.5,339.5
0220,674.5,323.5
0220,813.5,345.5
0220,643.5,403.5
0220,782.5,378.5
0220,803.5,406.5
0220,620.5,293.5
0220,704.5,260.5
0220,788.5,285.5
0222,765.5,416.5
0222,812.5,333.5
0222,621.5,336.5
0222,599.5,317.5
0222,659.5,378.5
0222,749.5,254.5
0222,590.5,366.5
0222,659.5,331.5
0222,757.5,326.5
0222,655.5,300.5
0222,749.5,461.5
0222,788.5,282.5
0222,808.5,398.5
0222,625.5,300.5
0222,702.5,260.5
0223,809.5,394.5
0223,590.5,357.5
0223,650.5,351.5
0223,658.5,379.5
0223,768.5,415.5
0223,642.5,293.5
0223,665.5,314.5
0223,750.5,462.5
0223,746.5,255.5
0223,789.5,285.5
0223,704.5,261.5
0223,736.5,331.5
0223,600.5,315.5
0223,812.5,330.5
0223,624.5,331.5
0227,653.5,349.5
0227,750.5,460.5
0227,596.5,321.5
0227,768.5,415.5
0227,789.5,285.5
0227,588.5,353.5
0227,810.5,323.5
0227,703.5,259.5
0227,729.5,332.5
0227,796.5,414.5
0227,658.5,380.5
0227,653.5,321.5
0227,623.5,330.5
0227,749.5,255.5
0227,665.5,251.5
0229,599.5,356.5
0229,659.5,381.5
0229,623.5,330.5
0229,672.5,347.5
0229,794.5,424.5
0229,811.5,325.5
0229,734.5,265.5
0229,768.5,414.5
0229,701.5,262.5
0229,731.5,330.5
0229,788.5,284.5
0229,653.5,256.5
0229,653.5,318.5
0229,742.5,464.5
0229,596.5,328.5
0230,599.5,357.5
0230,702.5,261.5
0230,651.5,319.5
0230,734.5,267.5
0230,776.5,280.5
0230,659.5,256.5
0230,729.5,331.5
0230,593.5,325.5
0230,809.5,326.5
0230,659.5,382.5
0230,732.5,467.5
0230,684.5,343.5
0230,791.5,428.5
0230,765.5,412.5
0230,622.5,331.5
0231,787.5,432.5
0231,812.5,324.5
0231,721.5,469.5
0231,662.5,250.5
0231,734.5,267.5
0231,775.5,267.5
0231,599.5,354.5
0231,651.5,320.5
0231,659.5,382.5
0231,596.5,329.5
0231,765.5,412.5
0231,703.5,260.5
0231,730.5,333.5
0231,681.5,344.5
0231,622.5,331.5
0233,791.5,431.5
0233,657.5,379.5
0233,623.5,330.5
0233,732.5,331.5
0233,764.5,259.5
0233,811.5,324.5
0233,724.5,468.5
0233,650.5,315.5
0233,733.5,268.5
0233,699.5,335.5
0233,598.5,314.5
0233,590.5,350.5
0233,766.5,414.5
0233,662.5,255.5
0233,703.5,259.5
0235,732.5,466.5
0235,809.5,324.5
0235,766.5,411.5
0235,674.5,248.5
0235,797.5,422.5
0235,644.5,300.5
0235,675.5,384.5
0235,621.5,321.5
0235,596.5,343.5
0235,609.5,293.5
0235,737.5,274.5
0235,694.5,326.5
0235,723.5,329.5
0235,704.5,260.5
0235,765.5,261.5
0238,810.5,325.5
0238,718.5,336.5
0238,767.5,413.5
0238,794.5,422.5
0238,730.5,466.5
0238,690.5,325.5
0238,594.5,327.5
0238,631.5,338.5
0238,675.5,250.5
0238,644.5,299.5
0238,713.5,436.5
0238,740.5,280.5
0238,705.5,262.5
0238,762.5,263.5
0238,609.5,294.5
0241,671.5,260.5
0241,635.5,283.5
0241,795.5,421.5
0241,740.5,285.5
0241,810.5,326.5
0241,759.5,257.5
0241,704.5,256.5
0241,722.5,438.5
0241,593.5,333.5
0241,610.5,296.5
0241,696.5,320.5
0241,758.5,431.5
0241,695.5,286.5
0241,685.5,357.5
0241,748.5,461.5
0242,638.5,279.5
0242,593.5,333.5
0242,795.5,421.5
0242,686.5,282.5
0242,809.5,324.5
0242,705.5,256.5
0242,750.5,255.5
0242,694.5,319.5
0242,609.5,293.5
0242,729.5,279.5
0242,768.5,430.5
0242,747.5,459.5
0242,685.5,356.5
0242,722.5,438.5
0242,671.5,257.5
0243,796.5,422.5
0243,642.5,285.5
0243,667.5,250.5
0243,693.5,318.5
0243,705.5,252.5
0243,809.5,325.5
0243,591.5,331.5
0243,723.5,439.5
0243,684.5,357.5
0243,685.5,277.5
0243,748.5,461.5
0243,767.5,430.5
0243,607.5,292.5
0243,747.5,250.5
0243,726.5,278.5
0245,689.5,411.5
0245,796.5,422.5
0245,607.5,292.5
0245,648.5,303.5
0245,593.5,331.5
0245,812.5,325.5
0245,748.5,461.5
0245,687.5,307.5
0245,724.5,445.5
0245,685.5,274.5
0245,727.5,276.5
0245,743.5,253.5
0245,759.5,404.5
0245,644.5,260.5
0245,706.5,255.5
0247,638.5,265.5
0247,745.5,250.5
0247,750.5,459.5
0247,651.5,292.5
0247,608.5,295.5
0247,593.5,333.5
0247,758.5,405.5
0247,681.5,273.5
0247,705.5,254.5
0247,687.5,413.5
0247,811.5,325.5
0247,740.5,432.5
0247,679.5,305.5
0247,794.5,420.5
0247,724.5,276.5
0248,679.5,306.5
0248,648.5,295.5
0248,687.5,413.5
0248,790.5,428.5
0248,706.5,251.5
0248,593.5,333.5
0248,758.5,395.5
0248,753.5,460.5
0248,742.5,252.5
0248,724.5,273.5
0248,609.5,297.5
0248,808.5,325.5
0248,636.5,264.5
0248,668.5,263.5
0248,743.5,429.5
0250,593.5,332.5
0250,659.5,260.5
0250,706.5,251.5
0250,682.5,297.5
0250,731.5,289.5
0250,650.5,294.5
0250,809.5,326.5
0250,745.5,248.5
0250,787.5,430.5
0250,610.5,294.5
0250,687.5,413.5
0250,766.5,451.5
0250,758.5,362.5
0250,627.5,274.5
0250,742.5,425.5
0253,621.5,295.5
0253,727.5,316.5
0253,636.5,268.5
0253,687.5,413.5
0253,789.5,430.5
0253,650.5,295.5
0253,659.5,252.5
0253,763.5,452.5
0253,743.5,251.5
0253,813.5,323.5
0253,704.5,253.5
0253,596.5,321.5
0253,769.5,386.5
0253,757.5,362.5
0253,685.5,273.5
0254,737.5,317.5
0254,771.5,384.5
0254,639.5,271.5
0254,688.5,412.5
0254,789.5,430.5
0254,683.5,273.5
0254,598.5,315.5
0254,656.5,297.5
0254,663.5,252.5
0254,612.5,290.5
0254,764.5,450.5
0254,706.5,253.5
0254,743.5,252.5
0254,756.5,362.5
0254,810.5,327.5
0256,685.5,274.5
0256,613.5,288.5
0256,771.5,385.5
0256,756.5,363.5
0256,687.5,413.5
0256,788.5,431.5
0256,646.5,307.5
0256,686.5,305.5
0256,654.5,276.5
0256,736.5,317.5
0256,764.5,452.5
0256,811.5,327.5
0256,705.5,250.5
0256,744.5,252.5
0256,597.5,316.5
0258,612.5,304.5
0258,688.5,412.5
0258,686.5,305.5
0258,655.5,341.5
0258,669.5,284.5
0258,789.5,430.5
0258,738.5,315.5
0258,601.5,335.5
0258,695.5,274.5
0258,710.5,244.5
0258,812.5,325.5
0258,757.5,363.5
0258,745.5,253.5
0258,772.5,385.5
0258,764.5,454.5
0261,770.5,384.5
0261,688.5,412.5
0261,810.5,325.5
0261,709.5,243.5
0261,789.5,430.5
0261,758.5,362.5
0261,692.5,374.5
0261,777.5,304.5
0261,764.5,452.5
0261,700.5,274.5
0261,690.5,304.5
0261,618.5,279.5
0261,667.5,283.5
0261,743.5,251.5
0261,643.5,308.5
0262,632.5,269.5
0262,688.5,412.5
0262,740.5,251.5
0262,641.5,308.5
0262,667.5,271.5
0262,789.5,430.5
0262,693.5,382.5
0262,810.5,326.5
0262,764.5,450.5
0262,779.5,304.5
0262,697.5,273.5
0262,774.5,386.5
0262,690.5,306.5
0262,758.5,362.5
0262,707.5,243.5
0263,779.5,376.5
0263,688.5,412.5
0263,671.5,273.5
0263,643.5,309.5
0263,645.5,259.5
0263,790.5,429.5
0263,689.5,382.5
0263,743.5,253.5
0263,811.5,324.5
0263,704.5,273.5
0263,777.5,305.5
0263,758.5,360.5
0263,767.5,449.5
0263,688.5,303.5
0263,713.5,243.5
0264,688.5,412.5
0264,711.5,241.5
0264,712.5,275.5
0264,749.5,253.5
0264,654.5,255.5
0264,640.5,310.5
0264,787.5,358.5
0264,766.5,447.5
0264,811.5,326.5
0264,677.5,275.5
0264,688.5,305.5
0264,688.5,381.5
0264,791.5,427.5
0264,778.5,304.5
0264,756.5,361.5
0265,791.5,428.5
0265,709.5,241.5
0265,664.5,250.5
0265,642.5,308.5
0265,688.5,412.5
0265,778.5,305.5
0265,682.5,277.5
0265,748.5,255.5
0265,724.5,272.5
0265,809.5,333.5
0265,785.5,352.5
0265,689.5,382.5
0265,687.5,305.5
0265,762.5,439.5
0265,757.5,362.5
0266,812.5,330.5
0266,791.5,428.5
0266,643.5,310.5
0266,679.5,383.5
0266,687.5,413.5
0266,727.5,268.5
0266,753.5,255.5
0266,689.5,307.5
0266,684.5,274.5
0266,759.5,374.5
0266,777.5,305.5
0266,762.5,439.5
0266,712.5,244.5
0266,787.5,354.5
0266,666.5,249.5
0267,777.5,304.5
0267,688.5,412.5
0267,785.5,353.5
0267,643.5,309.5
0267,667.5,251.5
0267,689.5,305.5
0267,698.5,274.5
0267,790.5,427.5
0267,712.5,242.5
0267,769.5,263.5
0267,736.5,264.5
0267,807.5,318.5
0267,755.5,380.5
0267,669.5,383.5
0267,762.5,440.5
0268,791.5,428.5
0268,761.5,440.5
0268,785.5,353.5
0268,656.5,378.5
0268,688.5,412.5
0268,777.5,304.5
0268,696.5,241.5
0268,669.5,249.5
0268,690.5,304.5
0268,742.5,255.5
0268,771.5,268.5
0268,805.5,314.5
0268,707.5,270.5
0268,755.5,381.5
0268,640.5,310.5
0269,789.5,428.5
0269,772.5,268.5
0269,759.5,439.5
0269,785.5,353.5
0269,743.5,251.5
0269,688.5,412.5
0269,806.5,313.5
0269,705.5,270.5
0269,644.5,307.5
0269,635.5,375.5
0269,687.5,247.5
0269,689.5,303.5
0269,776.5,303.5
0269,655.5,253.5
0269,758.5,382.5
0272,791.5,428.5
0272,808.5,312.5
0272,705.5,270.5
0272,693.5,296.5
0272,785.5,353.5
0272,777.5,304.5
0272,788.5,394.5
0272,618.5,381.5
0272,661.5,250.5
0272,763.5,452.5
0272,738.5,257.5
0272,772.5,270.5
0272,705.5,448.5
0272,690.5,243.5
0272,662.5,310.5
0273,744.5,257.5
0273,771.5,267.5
0273,774.5,304.5
0273,760.5,450.5
0273,724.5,464.5
0273,661.5,253.5
0273,714.5,270.5
0273,595.5,388.5
0273,791.5,425.5
0273,804.5,311.5
0273,696.5,296.5
0273,665.5,292.5
0273,781.5,392.5
0273,787.5,354.5
0273,692.5,247.5
0278,720.5,241.5
0278,716.5,299.5
0278,749.5,252.5
0278,792.5,425.5
0278,703.5,269.5
0278,594.5,387.5
0278,809.5,397.5
0278,656.5,256.5
0278,749.5,307.5
0278,782.5,390.5
0278,730.5,418.5
0278,684.5,244.5
0278,772.5,268.5
0278,792.5,291.5
0278,776.5,334.5
0281,689.5,246.5
0281,792.5,296.5
0281,595.5,385.5
0281,717.5,245.5
0281,652.5,296.5
0281,720.5,300.5
0281,773.5,269.5
0281,798.5,418.5
0281,812.5,390.5
0281,730.5,419.5
0281,747.5,253.5
0281,763.5,327.5
0281,780.5,389.5
0281,744.5,282.5
0281,653.5,257.5
0286,745.5,252.5
0286,595.5,385.5
0286,809.5,391.5
0286,796.5,419.5
0286,714.5,244.5
0286,730.5,418.5
0286,743.5,282.5
0286,764.5,329.5
0286,767.5,301.5
0286,685.5,247.5
0286,781.5,273.5
0286,717.5,300.5
0286,650.5,294.5
0286,782.5,391.5
0286,652.5,257.5
0291,744.5,250.5
0291,741.5,287.5
0291,781.5,390.5
0291,596.5,387.5
0291,809.5,392.5
0291,650.5,295.5
0291,689.5,245.5
0291,795.5,419.5
0291,715.5,244.5
0291,777.5,272.5
0291,730.5,418.5
0291,762.5,329.5
0291,771.5,303.5
0291,717.5,302.5
0291,655.5,254.5
0293,808.5,393.5
0293,781.5,389.5
0293,742.5,294.5
0293,686.5,245.5
0293,778.5,272.5
0293,745.5,250.5
0293,771.5,303.5
0293,717.5,300.5
0293,794.5,419.5
0293,595.5,385.5
0293,714.5,245.5
0293,731.5,417.5
0293,761.5,329.5
0293,652.5,257.5
0293,650.5,296.5
0295,743.5,293.5
0295,808.5,393.5
0295,797.5,418.5
0295,715.5,301.5
0295,595.5,387.5
0295,778.5,390.5
0295,777.5,272.5
0295,716.5,244.5
0295,745.5,250.5
0295,655.5,256.5
0295,685.5,247.5
0295,773.5,301.5
0295,730.5,418.5
0295,763.5,330.5
0295,652.5,296.5
0296,743.5,293.5
0296,654.5,255.5
0296,811.5,389.5
0296,745.5,250.5
0296,797.5,418.5
0296,596.5,387.5
0296,719.5,247.5
0296,730.5,418.5
0296,782.5,391.5
0296,778.5,272.5
0296,683.5,246.5
0296,773.5,304.5
0296,712.5,302.5
0296,764.5,331.5
0296,649.5,297.5
0298,743.5,293.5
0298,687.5,246.5
0298,595.5,385.5
0298,774.5,303.5
0298,778.5,273.5
0298,654.5,297.5
0298,718.5,246.5
0298,798.5,419.5
0298,809.5,392.5
0298,713.5,301.5
0298,744.5,252.5
0298,780.5,390.5
0298,730.5,420.5
0298,763.5,330.5
0298,655.5,254.5
0302,781.5,274.5
0302,812.5,390.5
0302,715.5,302.5
0302,797.5,418.5
0302,718.5,244.5
0302,745.5,293.5
0302,595.5,387.5
0302,744.5,250.5
0302,773.5,304.5
0302,652.5,254.5
0302,652.5,295.5
0302,782.5,389.5
0302,730.5,418.5
0302,763.5,330.5
0302,684.5,246.5
0303,810.5,391.5
0303,715.5,301.5
0303,779.5,273.5
0303,596.5,387.5
0303,729.5,419.5
0303,744.5,294.5
0303,796.5,417.5
0303,716.5,246.5
0303,779.5,391.5
0303,742.5,251.5
0303,762.5,332.5
0303,774.5,302.5
0303,652.5,255.5
0303,649.5,297.5
0303,686.5,243.5
0305,743.5,293.5
0305,595.5,387.5
0305,812.5,392.5
0305,762.5,329.5
0305,684.5,243.5
0305,652.5,297.5
0305,715.5,244.5
0305,653.5,255.5
0305,774.5,302.5
0305,796.5,418.5
0305,746.5,248.5
0305,728.5,417.5
0305,713.5,302.5
0305,782.5,273.5
0305,781.5,390.5
0309,743.5,293.5
0309,779.5,390.5
0309,595.5,387.5
0309,747.5,249.5
0309,728.5,418.5
0309,809.5,391.5
0309,797.5,417.5
0309,712.5,302.5
0309,685.5,247.5
0309,657.5,254.5
0309,715.5,247.5
0309,777.5,272.5
0309,771.5,304.5
0309,652.5,295.5
0309,762.5,329.5
0313,743.5,293.5
0313,773.5,304.5
0313,809.5,393.5
0313,650.5,295.5
0313,595.5,385.5
0313,714.5,244.5
0313,744.5,250.5
0313,796.5,417.5
0313,712.5,302.5
0313,656.5,256.5
0313,779.5,388.5
0313,685.5,245.5
0313,762.5,331.5
0313,778.5,274.5
0313,730.5,418.5
0314,743.5,293.5
0314,596.5,387.5
0314,715.5,245.5
0314,796.5,417.5
0314,810.5,390.5
0314,778.5,272.5
0314,744.5,249.5
0314,712.5,301.5
0314,772.5,302.5
0314,685.5,245.5
0314,781.5,390.5
0314,651.5,294.5
0314,654.5,255.5
0314,728.5,417.5
0314,763.5,333.5
0317,743.5,293.5
0317,745.5,249.5
0317,774.5,303.5
0317,595.5,387.5
0317,781.5,274.5
0317,650.5,295.5
0317,729.5,418.5
0317,781.5,390.5
0317,798.5,420.5
0317,689.5,245.5
0317,654.5,256.5
0317,763.5,331.5
0317,714.5,304.5
0317,809.5,390.5
0317,715.5,246.5
0327,778.5,272.5
0327,773.5,304.5
0327,809.5,392.5
0327,689.5,243.5
0327,741.5,293.5
0327,595.5,387.5
0327,796.5,417.5
0327,714.5,300.5
0327,730.5,420.5
0327,744.5,252.5
0327,652.5,254.5
0327,781.5,391.5
0327,650.5,294.5
0327,715.5,247.5
0327,759.5,333.5
0329,743.5,293.5
0329,596.5,387.5
0329,771.5,303.5
0329,809.5,391.5
0329,745.5,249.5
0329,714.5,303.5
0329,656.5,256.5
0329,796.5,418.5
0329,715.5,244.5
0329,649.5,297.5
0329,780.5,389.5
0329,730.5,418.5
0329,685.5,245.5
0329,765.5,330.5
0329,782.5,274.5
0330,743.5,293.5
0330,595.5,387.5
0330,715.5,245.5
0330,762.5,330.5
0330,781.5,390.5
0330,773.5,300.5
0330,712.5,302.5
0330,654.5,254.5
0330,649.5,297.5
0330,796.5,418.5
0330,808.5,390.5
0330,779.5,272.5
0330,744.5,252.5
0330,685.5,245.5
0330,731.5,419.5
0336,770.5,302.5
0336,745.5,252.5
0336,763.5,330.5
0336,595.5,385.5
0336,712.5,302.5
0336,716.5,246.5
0336,742.5,294.5
0336,730.5,421.5
0336,811.5,391.5
0336,686.5,246.5
0336,796.5,418.5
0336,781.5,273.5
0336,650.5,296.5
0336,780.5,389.5
0336,652.5,254.5
