15,703.5,359.5,127.3
0001,775.5,372.5
0001,628.5,347.5
0001,808.5,321.5
0001,628.5,377.5
0001,594.5,326.5
0001,656.5,358.5
0001,815.5,352.5
0001,590.5,358.5
0001,594.5,392.5
0001,776.5,338.5
0001,813.5,381.5
0001,715.5,357.5
0001,686.5,359.5
0001,799.5,411.5
0001,749.5,356.5
0002,808.5,321.5
0002,656.5,357.5
0002,628.5,347.5
0002,628.5,377.5
0002,777.5,337.5
0002,777.5,374.5
0002,815.5,351.5
0002,594.5,392.5
0002,686.5,359.5
0002,717.5,358.5
0002,745.5,357.5
0002,589.5,358.5
0002,593.5,325.5
0002,801.5,413.5
0002,812.5,380.5
0004,657.5,365.5
0004,748.5,347.5
0004,624.5,344.5
0004,815.5,344.5
0004,687.5,355.5
0004,780.5,338.5
0004,802.5,315.5
0004,600.5,321.5
0004,625.5,375.5
0004,795.5,411.5
0004,715.5,350.5
0004,593.5,387.5
0004,810.5,383.5
0004,780.5,371.5
0004,590.5,358.5
0006,621.5,366.5
0006,623.5,330.5
0006,655.5,358.5
0006,781.5,338.5
0006,615.5,287.5
0006,674.5,331.5
0006,786.5,412.5
0006,798.5,301.5
0006,598.5,387.5
0006,733.5,344.5
0006,592.5,348.5
0006,702.5,327.5
0006,792.5,366.5
0006,813.5,386.5
0006,809.5,324.5
0008,624.5,355.5
0008,797.5,363.5
0008,614.5,290.5
0008,594.5,382.5
0008,698.5,328.5
0008,662.5,304.5
0008,813.5,389.5
0008,726.5,344.5
0008,793.5,293.5
0008,590.5,349.5
0008,777.5,338.5
0008,602.5,319.5
0008,808.5,321.5
0008,663.5,338.5
0008,780.5,410.5
0009,628.5,353.5
0009,805.5,323.5
0009,596.5,319.5
0009,596.5,388.5
0009,810.5,390.5
0009,733.5,342.5
0009,611.5,292.5
0009,662.5,304.5
0009,709.5,318.5
0009,777.5,408.5
0009,791.5,293.5
0009,595.5,348.5
0009,658.5,338.5
0009,777.5,335.5
0009,794.5,367.5
0010,794.5,301.5
0010,782.5,371.5
0010,615.5,291.5
0010,590.5,349.5
0010,672.5,298.5
0010,627.5,360.5
0010,596.5,388.5
0010,780.5,337.5
0010,717.5,296.5
0010,597.5,320.5
0010,657.5,343.5
0010,809.5,395.5
0010,810.5,333.5
0010,724.5,337.5
0010,776.5,412.5
0012,621.5,316.5
0012,630.5,361.5
0012,594.5,327.5
0012,744.5,254.5
0012,803.5,306.5
0012,815.5,374.5
0012,768.5,431.5
0012,639.5,264.5
0012,708.5,308.5
0012,787.5,356.5
0012,812.5,336.5
0012,594.5,368.5
0012,618.5,392.5
0012,672.5,362.5
0012,792.5,395.5
0015,747.5,460.5
0015,773.5,297.5
0015,598.5,398.5
0015,813.5,359.5
0015,632.5,398.5
0015,682.5,338.5
0015,630.5,271.5
0015,745.5,254.5
0015,669.5,275.5
0015,655.5,374.5
0015,795.5,331.5
0015,595.5,333.5
0015,621.5,365.5
0015,771.5,404.5
0015,794.5,425.5
0016,748.5,252.5
0016,631.5,395.5
0016,659.5,380.5
0016,757.5,425.5
0016,811.5,349.5
0016,626.5,275.5
0016,787.5,343.5
0016,790.5,426.5
0016,604.5,410.5
0016,620.5,365.5
0016,673.5,343.5
0016,742.5,463.5
0016,594.5,334.5
0016,755.5,290.5
0016,655.5,277.5
0017,657.5,382.5
0017,609.5,419.5
0017,620.5,370.5
0017,678.5,352.5
0017,792.5,426.5
0017,749.5,291.5
0017,753.5,257.5
0017,810.5,332.5
0017,745.5,433.5
0017,743.5,465.5
0017,622.5,277.5
0017,636.5,407.5
0017,592.5,337.5
0017,763.5,345.5
0017,650.5,261.5
0018,617.5,284.5
0018,647.5,375.5
0018,741.5,295.5
0018,618.5,379.5
0018,730.5,437.5
0018,754.5,257.5
0018,741.5,465.5
0018,641.5,270.5
0018,615.5,426.5
0018,807.5,323.5
0018,788.5,430.5
0018,689.5,365.5
0018,642.5,402.5
0018,764.5,323.5
0018,593.5,337.5
0020,646.5,407.5
0020,618.5,425.5
0020,757.5,257.5
0020,609.5,311.5
0020,590.5,338.5
0020,638.5,299.5
0020,611.5,383.5
0020,776.5,444.5
0020,703.5,376.5
0020,661.5,366.5
0020,759.5,317.5
0020,805.5,312.5
0020,738.5,294.5
0020,744.5,461.5
0020,736.5,417.5
0021,745.5,298.5
0021,769.5,448.5
0021,608.5,388.5
0021,647.5,411.5
0021,762.5,260.5
0021,641.5,316.5
0021,708.5,373.5
0021,592.5,338.5
0021,613.5,424.5
0021,607.5,306.5
0021,805.5,307.5
0021,746.5,424.5
0021,664.5,362.5
0021,758.5,327.5
0021,737.5,449.5
0022,607.5,388.5
0022,590.5,335.5
0022,746.5,422.5
0022,739.5,304.5
0022,645.5,409.5
0022,705.5,362.5
0022,606.5,299.5
0022,771.5,266.5
0022,611.5,421.5
0022,764.5,453.5
0022,733.5,451.5
0022,673.5,365.5
0022,802.5,305.5
0022,640.5,327.5
0022,757.5,339.5
0026,662.5,412.5
0026,746.5,443.5
0026,637.5,356.5
0026,786.5,307.5
0026,724.5,467.5
0026,748.5,285.5
0026,783.5,274.5
0026,609.5,295.5
0026,792.5,385.5
0026,692.5,370.5
0026,610.5,411.5
0026,660.5,377.5
0026,720.5,379.5
0026,611.5,373.5
0026,591.5,336.5
0027,614.5,403.5
0027,649.5,379.5
0027,613.5,287.5
0027,731.5,439.5
0027,785.5,283.5
0027,733.5,465.5
0027,778.5,319.5
0027,591.5,333.5
0027,750.5,286.5
0027,785.5,410.5
0027,656.5,420.5
0027,721.5,357.5
0027,650.5,348.5
0027,615.5,365.5
0027,688.5,363.5
0029,791.5,283.5
0029,609.5,356.5
0029,635.5,420.5
0029,753.5,433.5
0029,786.5,343.5
0029,699.5,340.5
0029,606.5,388.5
0029,721.5,404.5
0029,761.5,288.5
0029,627.5,273.5
0029,720.5,313.5
0029,665.5,353.5
0029,745.5,463.5
0029,640.5,373.5
0029,595.5,332.5
0030,632.5,372.5
0030,692.5,336.5
0030,746.5,461.5
0030,794.5,292.5
0030,594.5,328.5
0030,602.5,389.5
0030,792.5,371.5
0030,618.5,411.5
0030,721.5,387.5
0030,722.5,287.5
0030,736.5,426.5
0030,764.5,289.5
0030,685.5,364.5
0030,633.5,268.5
0030,608.5,353.5
0032,635.5,365.5
0032,748.5,462.5
0032,802.5,405.5
0032,775.5,302.5
0032,804.5,313.5
0032,599.5,314.5
0032,724.5,345.5
0032,599.5,407.5
0032,691.5,389.5
0032,608.5,350.5
0032,693.5,343.5
0032,595.5,378.5
0032,732.5,248.5
0032,717.5,414.5
0032,646.5,259.5
0033,619.5,347.5
0033,807.5,319.5
0033,649.5,357.5
0033,731.5,246.5
0033,694.5,343.5
0033,748.5,460.5
0033,645.5,262.5
0033,591.5,369.5
0033,672.5,399.5
0033,802.5,410.5
0033,597.5,400.5
0033,724.5,319.5
0033,781.5,302.5
0033,599.5,312.5
0033,705.5,414.5
0038,804.5,392.5
0038,744.5,272.5
0038,628.5,373.5
0038,673.5,466.5
0038,812.5,328.5
0038,684.5,324.5
0038,588.5,366.5
0038,795.5,424.5
0038,777.5,288.5
0038,620.5,427.5
0038,649.5,334.5
0038,724.5,395.5
0038,613.5,336.5
0038,660.5,254.5
0038,689.5,259.5
0039,614.5,329.5
0039,694.5,263.5
0039,665.5,253.5
0039,676.5,466.5
0039,779.5,290.5
0039,797.5,417.5
0039,811.5,335.5
0039,591.5,373.5
0039,678.5,319.5
0039,748.5,276.5
0039,810.5,390.5
0039,630.5,425.5
0039,636.5,375.5
0039,649.5,321.5
0039,721.5,398.5
0040,645.5,383.5
0040,723.5,398.5
0040,813.5,344.5
0040,782.5,288.5
0040,698.5,269.5
0040,693.5,468.5
0040,645.5,316.5
0040,809.5,391.5
0040,675.5,316.5
0040,631.5,422.5
0040,669.5,250.5
0040,788.5,416.5
0040,594.5,385.5
0040,614.5,312.5
0040,735.5,283.5
0041,665.5,385.5
0041,672.5,251.5
0041,714.5,467.5
0041,806.5,399.5
0041,630.5,406.5
0041,771.5,401.5
0041,640.5,309.5
0041,611.5,299.5
0041,594.5,392.5
0041,811.5,342.5
0041,672.5,314.5
0041,780.5,291.5
0041,719.5,414.5
0041,695.5,274.5
0041,723.5,280.5
0043,594.5,389.5
0043,636.5,309.5
0043,801.5,413.5
0043,743.5,462.5
0043,644.5,370.5
0043,798.5,293.5
0043,691.5,246.5
0043,690.5,406.5
0043,615.5,287.5
0043,720.5,393.5
0043,812.5,369.5
0043,678.5,312.5
0043,776.5,373.5
0043,718.5,264.5
0043,668.5,272.5
0044,658.5,366.5
0044,707.5,404.5
0044,733.5,379.5
0044,698.5,313.5
0044,788.5,357.5
0044,593.5,388.5
0044,799.5,413.5
0044,648.5,267.5
0044,811.5,375.5
0044,747.5,460.5
0044,619.5,279.5
0044,625.5,310.5
0044,708.5,267.5
0044,682.5,245.5
0044,800.5,305.5
0049,595.5,389.5
0049,647.5,259.5
0049,783.5,305.5
0049,728.5,335.5
0049,768.5,267.5
0049,806.5,397.5
0049,756.5,406.5
0049,627.5,394.5
0049,817.5,355.5
0049,661.5,286.5
0049,758.5,338.5
0049,785.5,357.5
0049,609.5,296.5
0049,741.5,252.5
0049,692.5,286.5
0052,632.5,378.5
0052,781.5,293.5
0052,769.5,265.5
0052,683.5,304.5
0052,739.5,248.5
0052,777.5,366.5
0052,695.5,365.5
0052,636.5,299.5
0052,607.5,298.5
0052,726.5,329.5
0052,776.5,326.5
0052,811.5,343.5
0052,602.5,383.5
0052,634.5,266.5
0052,786.5,397.5
0053,635.5,267.5
0053,688.5,309.5
0053,640.5,375.5
0053,806.5,332.5
0053,695.5,339.5
0053,787.5,394.5
0053,600.5,304.5
0053,637.5,298.5
0053,766.5,325.5
0053,720.5,323.5
0053,788.5,296.5
0053,770.5,265.5
0053,606.5,375.5
0053,731.5,248.5
0053,772.5,366.5
0055,698.5,305.5
0055,701.5,338.5
0055,641.5,260.5
0055,801.5,336.5
0055,643.5,293.5
0055,761.5,319.5
0055,608.5,377.5
0055,790.5,302.5
0055,769.5,262.5
0055,738.5,258.5
0055,768.5,358.5
0055,793.5,402.5
0055,643.5,370.5
0055,726.5,319.5
0055,604.5,305.5
0056,605.5,301.5
0056,711.5,330.5
0056,658.5,295.5
0056,638.5,372.5
0056,789.5,303.5
0056,802.5,412.5
0056,608.5,389.5
0056,778.5,272.5
0056,813.5,345.5
0056,739.5,255.5
0056,761.5,353.5
0056,733.5,306.5
0056,655.5,266.5
0056,701.5,301.5
0056,758.5,323.5
0057,782.5,277.5
0057,796.5,417.5
0057,744.5,251.5
0057,677.5,269.5
0057,611.5,397.5
0057,813.5,367.5
0057,671.5,307.5
0057,792.5,317.5
0057,603.5,305.5
0057,633.5,365.5
0057,759.5,347.5
0057,709.5,322.5
0057,759.5,312.5
0057,731.5,298.5
0057,706.5,291.5
0059,710.5,284.5
0059,792.5,322.5
0059,603.5,303.5
0059,681.5,290.5
0059,723.5,312.5
0059,795.5,423.5
0059,744.5,285.5
0059,614.5,335.5
0059,706.5,252.5
0059,765.5,305.5
0059,613.5,426.5
0059,810.5,386.5
0059,793.5,287.5
0059,754.5,337.5
0059,690.5,319.5
0060,737.5,278.5
0060,793.5,424.5
0060,800.5,299.5
0060,679.5,296.5
0060,709.5,291.5
0060,693.5,246.5
0060,617.5,432.5
0060,767.5,303.5
0060,754.5,334.5
0060,808.5,390.5
0060,735.5,312.5
0060,622.5,325.5
0060,602.5,303.5
0060,790.5,326.5
0060,706.5,321.5
0061,711.5,290.5
0061,793.5,330.5
0061,603.5,312.5
0061,767.5,300.5
0061,674.5,243.5
0061,682.5,303.5
0061,801.5,297.5
0061,808.5,396.5
0061,713.5,331.5
0061,632.5,317.5
0061,735.5,309.5
0061,789.5,429.5
0061,617.5,432.5
0061,736.5,277.5
0061,759.5,337.5
0062,654.5,256.5
0062,798.5,325.5
0062,786.5,433.5
0062,645.5,302.5
0062,766.5,301.5
0062,796.5,294.5
0062,768.5,332.5
0062,682.5,310.5
0062,735.5,301.5
0062,807.5,395.5
0062,626.5,428.5
0062,750.5,264.5
0062,612.5,320.5
0062,708.5,283.5
0062,730.5,338.5
0063,812.5,330.5
0063,682.5,325.5
0063,729.5,302.5
0063,636.5,264.5
0063,742.5,342.5
0063,787.5,427.5
0063,797.5,298.5
0063,807.5,400.5
0063,633.5,421.5
0063,765.5,297.5
0063,776.5,343.5
0063,622.5,319.5
0063,711.5,277.5
0063,763.5,267.5
0063,649.5,294.5
0064,670.5,341.5
0064,773.5,314.5
0064,814.5,340.5
0064,808.5,394.5
0064,782.5,350.5
0064,631.5,270.5
0064,630.5,304.5
0064,794.5,423.5
0064,713.5,263.5
0064,657.5,290.5
0064,714.5,301.5
0064,797.5,297.5
0064,755.5,342.5
0064,645.5,407.5
0064,755.5,278.5
0066,660.5,279.5
0066,785.5,282.5
0066,767.5,306.5
0066,624.5,289.5
0066,811.5,343.5
0066,687.5,259.5
0066,781.5,335.5
0066,692.5,297.5
0066,731.5,270.5
0066,790.5,410.5
0066,809.5,388.5
0066,650.5,382.5
0066,653.5,340.5
0066,653.5,310.5
0066,783.5,364.5
0068,657.5,331.5
0068,697.5,267.5
0068,704.5,298.5
0068,649.5,268.5
0068,602.5,308.5
0068,780.5,336.5
0068,756.5,299.5
0068,765.5,264.5
0068,776.5,368.5
0068,798.5,400.5
0068,622.5,378.5
0068,816.5,335.5
0068,668.5,292.5
0068,757.5,403.5
0068,735.5,259.5
0069,764.5,299.5
0069,716.5,300.5
0069,811.5,339.5
0069,599.5,366.5
0069,643.5,263.5
0069,775.5,370.5
0069,765.5,263.5
0069,666.5,290.5
0069,706.5,264.5
0069,787.5,321.5
0069,602.5,308.5
0069,661.5,333.5
0069,785.5,398.5
0069,737.5,251.5
0069,738.5,403.5
0072,811.5,329.5
0072,707.5,397.5
0072,641.5,320.5
0072,699.5,244.5
0072,608.5,297.5
0072,591.5,351.5
0072,667.5,253.5
0072,726.5,302.5
0072,778.5,312.5
0072,775.5,380.5
0072,635.5,286.5
0072,756.5,293.5
0072,787.5,282.5
0072,759.5,355.5
0072,745.5,263.5
0075,815.5,346.5
0075,656.5,408.5
0075,787.5,348.5
0075,590.5,346.5
0075,746.5,357.5
0075,649.5,294.5
0075,682.5,290.5
0075,671.5,258.5
0075,711.5,295.5
0075,698.5,243.5
0075,720.5,268.5
0075,604.5,304.5
0075,740.5,323.5
0075,748.5,252.5
0075,759.5,283.5
0077,592.5,343.5
0077,784.5,360.5
0077,600.5,310.5
0077,640.5,434.5
0077,714.5,309.5
0077,675.5,254.5
0077,734.5,249.5
0077,654.5,292.5
0077,749.5,298.5
0077,766.5,332.5
0077,817.5,359.5
0077,720.5,275.5
0077,688.5,283.5
0077,689.5,367.5
0077,703.5,246.5
0079,693.5,296.5
0079,774.5,326.5
0079,716.5,276.5
0079,744.5,283.5
0079,605.5,342.5
0079,813.5,374.5
0079,601.5,307.5
0079,706.5,246.5
0079,787.5,353.5
0079,641.5,383.5
0079,674.5,265.5
0079,653.5,290.5
0079,737.5,247.5
0079,662.5,458.5
0079,720.5,308.5
0080,679.5,269.5
0080,774.5,327.5
0080,813.5,382.5
0080,724.5,303.5
0080,694.5,302.5
0080,700.5,243.5
0080,606.5,344.5
0080,733.5,248.5
0080,598.5,308.5
0080,620.5,390.5
0080,741.5,277.5
0080,676.5,457.5
0080,650.5,286.5
0080,789.5,356.5
0080,711.5,274.5
0085,786.5,279.5
0085,778.5,310.5
0085,791.5,391.5
0085,641.5,348.5
0085,769.5,365.5
0085,676.5,245.5
0085,710.5,253.5
0085,598.5,331.5
0085,605.5,362.5
0085,663.5,273.5
0085,627.5,318.5
0085,729.5,276.5
0085,745.5,300.5
0085,681.5,299.5
0085,694.5,404.5
0086,794.5,390.5
0086,632.5,319.5
0086,681.5,289.5
0086,655.5,347.5
0086,691.5,392.5
0086,606.5,360.5
0086,753.5,295.5
0086,677.5,250.5
0086,780.5,276.5
0086,783.5,308.5
0086,770.5,370.5
0086,709.5,271.5
0086,744.5,262.5
0086,602.5,326.5
0086,647.5,275.5
0087,779.5,374.5
0087,721.5,286.5
0087,632.5,316.5
0087,760.5,295.5
0087,774.5,270.5
0087,630.5,271.5
0087,603.5,316.5
0087,733.5,255.5
0087,785.5,314.5
0087,687.5,383.5
0087,694.5,248.5
0087,673.5,350.5
0087,688.5,279.5
0087,588.5,350.5
0087,807.5,388.5
0089,810.5,389.5
0089,784.5,370.5
0089,771.5,299.5
0089,797.5,317.5
0089,671.5,372.5
0089,769.5,265.5
0089,705.5,274.5
0089,742.5,308.5
0089,709.5,338.5
0089,714.5,243.5
0089,630.5,341.5
0089,639.5,265.5
0089,741.5,257.5
0089,613.5,298.5
0089,591.5,331.5
0090,790.5,367.5
0090,641.5,263.5
0090,739.5,251.5
0090,621.5,289.5
0090,812.5,393.5
0090,773.5,294.5
0090,754.5,319.5
0090,596.5,323.5
0090,632.5,357.5
0090,721.5,270.5
0090,701.5,244.5
0090,720.5,337.5
0090,766.5,266.5
0090,678.5,358.5
0090,807.5,317.5
0093,608.5,391.5
0093,802.5,310.5
0093,716.5,378.5
0093,743.5,299.5
0093,741.5,265.5
0093,812.5,383.5
0093,666.5,250.5
0093,596.5,316.5
0093,770.5,313.5
0093,769.5,281.5
0093,712.5,244.5
0093,818.5,353.5
0093,641.5,267.5
0093,788.5,334.5
0093,727.5,329.5
0095,782.5,289.5
0095,740.5,298.5
0095,757.5,325.5
0095,601.5,311.5
0095,650.5,260.5
0095,808.5,314.5
0095,737.5,385.5
0095,707.5,245.5
0095,808.5,399.5
0095,594.5,384.5
0095,814.5,367.5
0095,677.5,247.5
0095,707.5,331.5
0095,792.5,349.5
0095,743.5,250.5
0097,647.5,258.5
0097,611.5,315.5
0097,805.5,307.5
0097,775.5,304.5
0097,758.5,378.5
0097,599.5,363.5
0097,817.5,358.5
0097,804.5,407.5
0097,789.5,346.5
0097,713.5,346.5
0097,673.5,251.5
0097,741.5,261.5
0097,742.5,292.5
0097,745.5,341.5
0097,704.5,262.5
0098,636.5,267.5
0098,807.5,396.5
0098,817.5,359.5
0098,624.5,299.5
0098,787.5,343.5
0098,758.5,375.5
0098,700.5,264.5
0098,735.5,286.5
0098,751.5,352.5
0098,660.5,252.5
0098,603.5,354.5
0098,716.5,355.5
0098,798.5,297.5
0098,752.5,256.5
0098,767.5,300.5
0100,623.5,343.5
0100,795.5,289.5
0100,808.5,384.5
0100,663.5,256.5
0100,765.5,335.5
0100,695.5,277.5
0100,799.5,317.5
0100,608.5,291.5
0100,724.5,266.5
0100,716.5,379.5
0100,816.5,350.5
0100,635.5,272.5
0100,782.5,362.5
0100,765.5,262.5
0100,761.5,299.5
0101,803.5,387.5
0101,690.5,286.5
0101,789.5,284.5
0101,802.5,309.5
0101,605.5,300.5
0101,781.5,361.5
0101,812.5,348.5
0101,635.5,271.5
0101,678.5,257.5
0101,628.5,333.5
0101,773.5,317.5
0101,714.5,400.5
0101,763.5,260.5
0101,717.5,269.5
0101,755.5,295.5
0102,815.5,348.5
0102,637.5,319.5
0102,806.5,306.5
0102,718.5,424.5
0102,788.5,362.5
0102,687.5,251.5
0102,789.5,396.5
0102,759.5,260.5
0102,769.5,313.5
0102,644.5,264.5
0102,739.5,289.5
0102,714.5,271.5
0102,602.5,308.5
0102,688.5,295.5
0102,783.5,281.5
0109,757.5,396.5
0109,746.5,460.5
0109,690.5,302.5
0109,767.5,301.5
0109,725.5,345.5
0109,701.5,344.5
0109,785.5,408.5
0109,648.5,304.5
0109,628.5,276.5
0109,734.5,305.5
0109,755.5,333.5
0109,803.5,305.5
0109,813.5,365.5
0109,591.5,352.5
0109,602.5,304.5
0110,689.5,345.5
0110,747.5,459.5
0110,763.5,400.5
0110,646.5,298.5
0110,734.5,295.5
0110,602.5,306.5
0110,770.5,292.5
0110,724.5,328.5
0110,807.5,380.5
0110,688.5,301.5
0110,590.5,355.5
0110,794.5,405.5
0110,797.5,314.5
0110,633.5,267.5
0110,755.5,321.5
0112,771.5,412.5
0112,813.5,328.5
0112,599.5,369.5
0112,753.5,442.5
0112,651.5,257.5
0112,802.5,410.5
0112,649.5,293.5
0112,769.5,282.5
0112,813.5,379.5
0112,681.5,364.5
0112,724.5,270.5
0112,683.5,302.5
0112,716.5,300.5
0112,746.5,297.5
0112,599.5,313.5
0113,735.5,298.5
0113,771.5,403.5
0113,683.5,386.5
0113,706.5,288.5
0113,739.5,427.5
0113,650.5,258.5
0113,684.5,306.5
0113,806.5,405.5
0113,602.5,311.5
0113,617.5,378.5
0113,815.5,334.5
0113,652.5,302.5
0113,813.5,372.5
0113,764.5,274.5
0113,724.5,259.5
0114,698.5,391.5
0114,654.5,302.5
0114,762.5,392.5
0114,626.5,369.5
0114,727.5,303.5
0114,813.5,372.5
0114,643.5,266.5
0114,696.5,270.5
0114,724.5,263.5
0114,804.5,401.5
0114,729.5,408.5
0114,814.5,339.5
0114,685.5,310.5
0114,600.5,312.5
0114,753.5,275.5
0115,649.5,306.5
0115,629.5,350.5
0115,677.5,258.5
0115,805.5,405.5
0115,816.5,344.5
0115,641.5,265.5
0115,814.5,371.5
0115,601.5,309.5
0115,748.5,382.5
0115,697.5,384.5
0115,690.5,307.5
0115,758.5,271.5
0115,731.5,258.5
0115,729.5,401.5
0115,725.5,306.5
0117,699.5,370.5
0117,605.5,324.5
0117,631.5,267.5
0117,748.5,387.5
0117,814.5,376.5
0117,769.5,267.5
0117,708.5,406.5
0117,690.5,310.5
0117,799.5,414.5
0117,623.5,295.5
0117,730.5,264.5
0117,636.5,322.5
0117,817.5,347.5
0117,661.5,275.5
0117,715.5,296.5
0119,625.5,336.5
0119,641.5,265.5
0119,662.5,294.5
0119,679.5,320.5
0119,634.5,309.5
0119,606.5,293.5
0119,759.5,284.5
0119,708.5,383.5
0119,734.5,309.5
0119,776.5,396.5
0119,795.5,421.5
0119,803.5,328.5
0119,703.5,266.5
0119,810.5,393.5
0119,680.5,420.5
0120,812.5,391.5
0120,779.5,391.5
0120,735.5,318.5
0120,633.5,315.5
0120,749.5,283.5
0120,804.5,311.5
0120,662.5,303.5
0120,668.5,332.5
0120,673.5,422.5
0120,726.5,379.5
0120,624.5,345.5
0120,611.5,294.5
0120,795.5,421.5
0120,637.5,274.5
0120,683.5,269.5
0121,782.5,386.5
0121,792.5,424.5
0121,810.5,391.5
0121,661.5,302.5
0121,609.5,291.5
0121,628.5,317.5
0121,666.5,435.5
0121,629.5,349.5
0121,664.5,264.5
0121,662.5,335.5
0121,798.5,295.5
0121,734.5,371.5
0121,638.5,276.5
0121,729.5,324.5
0121,725.5,292.5
0122,791.5,287.5
0122,781.5,384.5
0122,810.5,396.5
0122,659.5,252.5
0122,656.5,305.5
0122,611.5,287.5
0122,791.5,428.5
0122,702.5,303.5
0122,672.5,340.5
0122,739.5,339.5
0122,624.5,330.5
0122,641.5,275.5
0122,733.5,372.5
0122,640.5,358.5
0122,654.5,448.5
0123,752.5,350.5
0123,661.5,256.5
0123,780.5,387.5
0123,724.5,369.5
0123,620.5,279.5
0123,618.5,345.5
0123,684.5,303.5
0123,787.5,425.5
0123,785.5,284.5
0123,686.5,351.5
0123,667.5,448.5
0123,651.5,284.5
0123,649.5,361.5
0123,652.5,315.5
0123,809.5,397.5
0125,806.5,403.5
0125,656.5,291.5
0125,662.5,254.5
0125,715.5,374.5
0125,632.5,271.5
0125,791.5,373.5
0125,662.5,419.5
0125,679.5,313.5
0125,760.5,374.5
0125,741.5,397.5
0125,591.5,364.5
0125,669.5,350.5
0125,644.5,326.5
0125,787.5,431.5
0125,787.5,285.5
0126,627.5,275.5
0126,656.5,264.5
0126,655.5,297.5
0126,784.5,291.5
0126,803.5,373.5
0126,768.5,378.5
0126,786.5,434.5
0126,743.5,398.5
0126,720.5,373.5
0126,594.5,375.5
0126,642.5,332.5
0126,800.5,407.5
0126,670.5,348.5
0126,648.5,416.5
0126,686.5,318.5
0128,815.5,367.5
0128,656.5,267.5
0128,805.5,401.5
0128,790.5,429.5
0128,669.5,301.5
0128,677.5,341.5
0128,773.5,399.5
0128,642.5,415.5
0128,725.5,332.5
0128,644.5,344.5
0128,779.5,304.5
0128,612.5,291.5
0128,608.5,400.5
0128,704.5,309.5
0128,731.5,387.5
0129,674.5,340.5
0129,663.5,265.5
0129,617.5,409.5
0129,815.5,363.5
0129,619.5,305.5
0129,777.5,400.5
0129,676.5,296.5
0129,647.5,353.5
0129,772.5,312.5
0129,731.5,322.5
0129,710.5,296.5
0129,793.5,424.5
0129,724.5,393.5
0129,648.5,413.5
0129,806.5,396.5
0130,649.5,362.5
0130,779.5,395.5
0130,667.5,336.5
0130,722.5,401.5
0130,629.5,300.5
0130,807.5,394.5
0130,680.5,292.5
0130,668.5,261.5
0130,722.5,321.5
0130,797.5,419.5
0130,624.5,406.5
0130,768.5,310.5
0130,655.5,409.5
0130,814.5,357.5
0130,712.5,286.5
0131,631.5,288.5
0131,661.5,334.5
0131,633.5,401.5
0131,680.5,255.5
0131,777.5,386.5
0131,655.5,364.5
0131,673.5,297.5
0131,797.5,418.5
0131,816.5,356.5
0131,723.5,407.5
0131,767.5,317.5
0131,811.5,389.5
0131,718.5,279.5
0131,710.5,328.5
0131,664.5,412.5
0132,676.5,304.5
0132,811.5,388.5
0132,720.5,275.5
0132,786.5,408.5
0132,668.5,365.5
0132,726.5,408.5
0132,759.5,371.5
0132,769.5,313.5
0132,814.5,347.5
0132,652.5,338.5
0132,701.5,326.5
0132,652.5,278.5
0132,680.5,245.5
0132,668.5,418.5
0132,634.5,391.5
0134,685.5,292.5
0134,737.5,417.5
0134,637.5,365.5
0134,805.5,403.5
0134,780.5,383.5
0134,813.5,336.5
0134,707.5,242.5
0134,732.5,386.5
0134,693.5,360.5
0134,679.5,327.5
0134,645.5,334.5
0134,675.5,254.5
0134,801.5,309.5
0134,728.5,268.5
0134,671.5,420.5
0136,645.5,439.5
0136,799.5,416.5
0136,648.5,348.5
0136,751.5,406.5
0136,816.5,362.5
0136,688.5,264.5
0136,736.5,443.5
0136,718.5,252.5
0136,663.5,292.5
0136,806.5,324.5
0136,737.5,359.5
0136,673.5,328.5
0136,594.5,347.5
0136,784.5,366.5
0136,744.5,266.5
0137,814.5,367.5
0137,763.5,402.5
0137,748.5,368.5
0137,589.5,343.5
0137,698.5,269.5
0137,638.5,298.5
0137,729.5,256.5
0137,634.5,446.5
0137,743.5,456.5
0137,796.5,423.5
0137,774.5,354.5
0137,635.5,355.5
0137,669.5,340.5
0137,762.5,267.5
0137,789.5,326.5
0138,604.5,302.5
0138,815.5,371.5
0138,753.5,447.5
0138,751.5,380.5
0138,706.5,272.5
0138,651.5,346.5
0138,631.5,444.5
0138,790.5,426.5
0138,772.5,356.5
0138,738.5,258.5
0138,769.5,265.5
0138,776.5,400.5
0138,619.5,355.5
0138,591.5,343.5
0138,776.5,322.5
0139,787.5,396.5
0139,792.5,424.5
0139,715.5,284.5
0139,745.5,257.5
0139,615.5,359.5
0139,624.5,440.5
0139,762.5,431.5
0139,770.5,269.5
0139,772.5,322.5
0139,653.5,358.5
0139,591.5,340.5
0139,754.5,386.5
0139,815.5,380.5
0139,772.5,354.5
0139,600.5,307.5
0140,645.5,369.5
0140,762.5,380.5
0140,814.5,368.5
0140,737.5,251.5
0140,794.5,394.5
0140,769.5,266.5
0140,609.5,363.5
0140,601.5,309.5
0140,622.5,440.5
0140,766.5,353.5
0140,591.5,339.5
0140,729.5,291.5
0140,774.5,319.5
0140,792.5,421.5
0140,759.5,414.5
0141,737.5,286.5
0141,815.5,356.5
0141,778.5,316.5
0141,797.5,416.5
0141,617.5,433.5
0141,607.5,309.5
0141,593.5,335.5
0141,767.5,271.5
0141,767.5,407.5
0141,644.5,370.5
0141,775.5,369.5
0141,805.5,390.5
0141,764.5,340.5
0141,608.5,361.5
0141,738.5,250.5
0142,743.5,252.5
0142,773.5,264.5
0142,646.5,371.5
0142,816.5,351.5
0142,774.5,390.5
0142,613.5,316.5
0142,786.5,356.5
0142,739.5,279.5
0142,761.5,336.5
0142,780.5,312.5
0142,614.5,364.5
0142,810.5,379.5
0142,797.5,415.5
0142,592.5,341.5
0142,614.5,429.5
0143,795.5,424.5
0143,612.5,428.5
0143,625.5,317.5
0143,813.5,380.5
0143,651.5,369.5
0143,592.5,340.5
0143,763.5,337.5
0143,744.5,252.5
0143,770.5,261.5
0143,783.5,311.5
0143,817.5,345.5
0143,772.5,378.5
0143,609.5,368.5
0143,784.5,351.5
0143,721.5,285.5
0144,813.5,336.5
0144,613.5,365.5
0144,814.5,381.5
0144,786.5,351.5
0144,764.5,376.5
0144,706.5,293.5
0144,796.5,425.5
0144,760.5,329.5
0144,654.5,361.5
0144,789.5,308.5
0144,771.5,261.5
0144,740.5,257.5
0144,640.5,304.5
0144,618.5,430.5
0144,591.5,340.5
0145,655.5,291.5
0145,759.5,327.5
0145,814.5,333.5
0145,767.5,376.5
0145,615.5,367.5
0145,810.5,386.5
0145,780.5,352.5
0145,791.5,308.5
0145,800.5,419.5
0145,653.5,353.5
0145,764.5,262.5
0145,601.5,337.5
0145,624.5,429.5
0145,703.5,311.5
0145,736.5,257.5
0146,811.5,383.5
0146,610.5,341.5
0146,813.5,337.5
0146,708.5,321.5
0146,799.5,412.5
0146,612.5,382.5
0146,789.5,308.5
0146,779.5,349.5
0146,648.5,346.5
0146,628.5,422.5
0146,728.5,254.5
0146,771.5,377.5
0146,669.5,297.5
0146,757.5,258.5
0146,754.5,325.5
0147,775.5,381.5
0147,618.5,389.5
0147,811.5,381.5
0147,809.5,329.5
0147,688.5,308.5
0147,660.5,341.5
0147,633.5,415.5
0147,755.5,322.5
0147,715.5,330.5
0147,622.5,349.5
0147,799.5,411.5
0147,771.5,353.5
0147,721.5,254.5
0147,786.5,313.5
0147,750.5,255.5
0150,798.5,298.5
0150,706.5,324.5
0150,804.5,403.5
0150,680.5,344.5
0150,747.5,330.5
0150,706.5,245.5
0150,678.5,311.5
0150,744.5,257.5
0150,815.5,374.5
0150,785.5,385.5
0150,762.5,364.5
0150,624.5,386.5
0150,604.5,410.5
0150,658.5,384.5
0150,769.5,303.5
0151,658.5,406.5
0151,622.5,389.5
0151,814.5,375.5
0151,756.5,365.5
0151,703.5,341.5
0151,756.5,334.5
0151,738.5,257.5
0151,605.5,414.5
0151,664.5,317.5
0151,803.5,406.5
0151,764.5,301.5
0151,702.5,245.5
0151,796.5,293.5
0151,698.5,308.5
0151,781.5,383.5
0152,659.5,333.5
0152,736.5,256.5
0152,661.5,434.5
0152,699.5,285.5
0152,800.5,299.5
0152,706.5,244.5
0152,764.5,367.5
0152,804.5,402.5
0152,764.5,337.5
0152,729.5,337.5
0152,813.5,370.5
0152,603.5,409.5
0152,772.5,396.5
0152,629.5,390.5
0152,748.5,287.5
0153,638.5,383.5
0153,741.5,282.5
0153,798.5,298.5
0153,806.5,401.5
0153,808.5,370.5
0153,776.5,369.5
0153,706.5,275.5
0153,602.5,406.5
0153,659.5,359.5
0153,781.5,330.5
0153,736.5,333.5
0153,741.5,251.5
0153,667.5,456.5
0153,766.5,408.5
0153,714.5,245.5
0154,644.5,387.5
0154,777.5,368.5
0154,815.5,367.5
0154,807.5,398.5
0154,676.5,380.5
0154,674.5,464.5
0154,759.5,420.5
0154,789.5,330.5
0154,746.5,321.5
0154,709.5,243.5
0154,708.5,275.5
0154,751.5,282.5
0154,746.5,255.5
0154,600.5,403.5
0154,800.5,299.5
0156,705.5,242.5
0156,780.5,432.5
0156,595.5,396.5
0156,805.5,402.5
0156,800.5,298.5
0156,774.5,272.5
0156,814.5,372.5
0156,703.5,398.5
0156,738.5,249.5
0156,708.5,274.5
0156,794.5,332.5
0156,684.5,467.5
0156,781.5,383.5
0156,666.5,400.5
0156,745.5,302.5
0158,804.5,405.5
0158,781.5,294.5
0158,787.5,424.5
0158,690.5,294.5
0158,737.5,434.5
0158,595.5,395.5
0158,783.5,329.5
0158,691.5,397.5
0158,748.5,301.5
0158,814.5,372.5
0158,706.5,250.5
0158,770.5,265.5
0158,775.5,396.5
0158,742.5,252.5
0158,675.5,450.5
0159,791.5,428.5
0159,597.5,402.5
0159,763.5,449.5
0159,686.5,439.5
0159,691.5,386.5
0159,774.5,396.5
0159,679.5,309.5
0159,769.5,264.5
0159,779.5,299.5
0159,805.5,400.5
0159,777.5,330.5
0159,742.5,298.5
0159,701.5,250.5
0159,737.5,261.5
0159,814.5,370.5
0160,807.5,399.5
0160,680.5,310.5
0160,815.5,369.5
0160,601.5,402.5
0160,737.5,262.5
0160,764.5,450.5
0160,770.5,265.5
0160,778.5,305.5
0160,767.5,335.5
0160,745.5,306.5
0160,783.5,426.5
0160,776.5,398.5
0160,701.5,253.5
0160,684.5,375.5
0160,698.5,445.5
0164,663.5,283.5
0164,789.5,420.5
0164,810.5,396.5
0164,758.5,296.5
0164,655.5,256.5
0164,766.5,398.5
0164,815.5,364.5
0164,705.5,283.5
0164,769.5,364.5
0164,646.5,349.5
0164,628.5,400.5
0164,740.5,276.5
0164,772.5,267.5
0164,740.5,451.5
0164,717.5,468.5
0165,677.5,274.5
0165,723.5,470.5
0165,773.5,270.5
0165,762.5,398.5
0165,799.5,391.5
0165,747.5,451.5
0165,645.5,385.5
0165,646.5,261.5
0165,635.5,343.5
0165,773.5,371.5
0165,770.5,303.5
0165,816.5,355.5
0165,702.5,255.5
0165,738.5,272.5
0165,789.5,420.5
0166,758.5,449.5
0166,774.5,302.5
0166,813.5,342.5
0166,703.5,245.5
0166,734.5,466.5
0166,777.5,366.5
0166,635.5,270.5
0166,756.5,392.5
0166,777.5,414.5
0166,665.5,374.5
0166,797.5,391.5
0166,623.5,336.5
0166,672.5,257.5
0166,777.5,268.5
0166,740.5,269.5
0168,768.5,261.5
0168,697.5,247.5
0168,791.5,392.5
0168,603.5,307.5
0168,625.5,287.5
0168,694.5,363.5
0168,786.5,288.5
0168,744.5,461.5
0168,807.5,314.5
0168,756.5,369.5
0168,650.5,259.5
0168,794.5,359.5
0168,773.5,447.5
0168,740.5,272.5
0168,772.5,414.5
0171,642.5,263.5
0171,774.5,268.5
0171,814.5,356.5
0171,744.5,265.5
0171,750.5,348.5
0171,763.5,433.5
0171,720.5,280.5
0171,636.5,293.5
0171,678.5,267.5
0171,787.5,373.5
0171,795.5,294.5
0171,763.5,393.5
0171,597.5,321.5
0171,746.5,458.5
0171,737.5,318.5
0173,759.5,449.5
0173,813.5,362.5
0173,731.5,390.5
0173,769.5,265.5
0173,783.5,366.5
0173,790.5,287.5
0173,733.5,465.5
0173,678.5,263.5
0173,644.5,260.5
0173,741.5,263.5
0173,732.5,346.5
0173,595.5,330.5
0173,717.5,293.5
0173,620.5,277.5
0173,757.5,305.5
0175,776.5,372.5
0175,646.5,270.5
0175,816.5,361.5
0175,729.5,263.5
0175,734.5,465.5
0175,762.5,263.5
0175,786.5,284.5
0175,714.5,399.5
0175,617.5,288.5
0175,744.5,366.5
0175,687.5,258.5
0175,776.5,442.5
0175,737.5,291.5
0175,603.5,321.5
0175,704.5,295.5
0178,756.5,257.5
0178,794.5,424.5
0178,619.5,283.5
0178,753.5,384.5
0178,629.5,314.5
0178,816.5,366.5
0178,719.5,428.5
0178,776.5,282.5
0178,690.5,313.5
0178,696.5,406.5
0178,782.5,376.5
0178,705.5,245.5
0178,720.5,305.5
0178,732.5,275.5
0178,599.5,310.5
0179,597.5,310.5
0179,754.5,382.5
0179,680.5,296.5
0179,812.5,381.5
0179,709.5,417.5
0179,706.5,248.5
0179,732.5,301.5
0179,756.5,254.5
0179,784.5,386.5
0179,726.5,271.5
0179,787.5,428.5
0179,683.5,398.5
0179,767.5,290.5
0179,617.5,283.5
0179,628.5,312.5
0182,792.5,310.5
0182,766.5,401.5
0182,750.5,255.5
0182,773.5,362.5
0182,811.5,384.5
0182,753.5,427.5
0182,696.5,274.5
0182,717.5,249.5
0182,687.5,405.5
0182,712.5,322.5
0182,598.5,315.5
0182,657.5,279.5
0182,753.5,324.5
0182,617.5,292.5
0182,658.5,403.5
0183,740.5,437.5
0183,793.5,291.5
0183,709.5,282.5
0183,713.5,252.5
0183,810.5,381.5
0183,668.5,265.5
0183,725.5,331.5
0183,600.5,318.5
0183,679.5,424.5
0183,654.5,403.5
0183,614.5,285.5
0183,781.5,365.5
0183,755.5,336.5
0183,741.5,256.5
0183,754.5,406.5
0186,695.5,452.5
0186,760.5,418.5
0186,808.5,390.5
0186,735.5,251.5
0186,674.5,260.5
0186,784.5,375.5
0186,679.5,368.5
0186,746.5,384.5
0186,663.5,460.5
0186,613.5,285.5
0186,706.5,245.5
0186,767.5,263.5
0186,776.5,345.5
0186,716.5,304.5
0186,597.5,322.5
0187,670.5,357.5
0187,670.5,257.5
0187,749.5,386.5
0187,771.5,411.5
0187,707.5,242.5
0187,738.5,251.5
0187,762.5,261.5
0187,767.5,353.5
0187,789.5,370.5
0187,659.5,458.5
0187,710.5,307.5
0187,609.5,292.5
0187,686.5,470.5
0187,811.5,393.5
0187,593.5,326.5
0188,609.5,295.5
0188,699.5,305.5
0188,808.5,395.5
0188,744.5,389.5
0188,689.5,464.5
0188,667.5,253.5
0188,794.5,367.5
0188,763.5,362.5
0188,766.5,263.5
0188,656.5,459.5
0188,706.5,245.5
0188,737.5,249.5
0188,763.5,414.5
0188,593.5,334.5
0188,662.5,361.5
0189,766.5,420.5
0189,651.5,458.5
0189,804.5,399.5
0189,659.5,377.5
0189,764.5,363.5
0189,607.5,298.5
0189,738.5,250.5
0189,688.5,465.5
0189,692.5,296.5
0189,796.5,356.5
0189,670.5,251.5
0189,592.5,338.5
0189,767.5,263.5
0189,709.5,241.5
0189,743.5,391.5
0192,712.5,470.5
0192,591.5,356.5
0192,680.5,379.5
0192,794.5,324.5
0192,655.5,460.5
0192,610.5,297.5
0192,736.5,252.5
0192,737.5,377.5
0192,761.5,395.5
0192,646.5,262.5
0192,696.5,305.5
0192,766.5,263.5
0192,769.5,363.5
0192,791.5,383.5
0192,704.5,261.5
0193,762.5,395.5
0193,734.5,255.5
0193,699.5,469.5
0193,642.5,264.5
0193,608.5,291.5
0193,653.5,454.5
0193,689.5,324.5
0193,736.5,372.5
0193,591.5,365.5
0193,769.5,365.5
0193,669.5,374.5
0193,761.5,261.5
0193,795.5,325.5
0193,792.5,386.5
0193,690.5,254.5
0194,765.5,262.5
0194,685.5,467.5
0194,612.5,287.5
0194,637.5,265.5
0194,727.5,256.5
0194,768.5,365.5
0194,681.5,353.5
0194,763.5,399.5
0194,591.5,371.5
0194,633.5,443.5
0194,741.5,373.5
0194,666.5,389.5
0194,798.5,314.5
0194,687.5,244.5
0194,748.5,247.5
0195,631.5,271.5
0195,772.5,363.5
0195,617.5,435.5
0195,593.5,377.5
0195,609.5,295.5
0195,675.5,406.5
0195,670.5,462.5
0195,772.5,267.5
0195,757.5,396.5
0195,685.5,372.5
0195,789.5,390.5
0195,801.5,308.5
0195,690.5,245.5
0195,731.5,366.5
0195,731.5,250.5
0196,799.5,299.5
0196,738.5,372.5
0196,757.5,400.5
0196,772.5,358.5
0196,593.5,380.5
0196,625.5,275.5
0196,697.5,244.5
0196,615.5,431.5
0196,604.5,302.5
0196,661.5,458.5
0196,688.5,410.5
0196,731.5,248.5
0196,706.5,386.5
0196,778.5,274.5
0196,786.5,390.5
0199,745.5,423.5
0199,746.5,354.5
0199,657.5,405.5
0199,592.5,382.5
0199,701.5,398.5
0199,613.5,300.5
0199,775.5,371.5
0199,740.5,251.5
0199,812.5,328.5
0199,606.5,416.5
0199,737.5,386.5
0199,755.5,279.5
0199,787.5,283.5
0199,715.5,277.5
0199,630.5,269.5
0200,730.5,429.5
0200,606.5,416.5
0200,595.5,385.5
0200,632.5,270.5
0200,769.5,367.5
0200,811.5,327.5
0200,614.5,298.5
0200,691.5,393.5
0200,757.5,399.5
0200,712.5,274.5
0200,748.5,293.5
0200,775.5,281.5
0200,734.5,251.5
0200,739.5,345.5
0200,645.5,377.5
0202,635.5,341.5
0202,593.5,379.5
0202,642.5,274.5
0202,737.5,251.5
0202,608.5,407.5
0202,699.5,308.5
0202,684.5,406.5
0202,771.5,388.5
0202,621.5,308.5
0202,768.5,269.5
0202,743.5,465.5
0202,737.5,327.5
0202,751.5,366.5
0202,706.5,339.5
0202,811.5,333.5
0205,756.5,425.5
0205,793.5,286.5
0205,738.5,367.5
0205,745.5,254.5
0205,625.5,294.5
0205,661.5,253.5
0205,725.5,406.5
0205,706.5,351.5
0205,626.5,412.5
0205,770.5,378.5
0205,809.5,351.5
0205,752.5,458.5
0205,599.5,312.5
0205,719.5,295.5
0205,592.5,384.5
0206,748.5,254.5
0206,754.5,456.5
0206,796.5,290.5
0206,735.5,406.5
0206,602.5,311.5
0206,595.5,385.5
0206,621.5,285.5
0206,718.5,290.5
0206,723.5,350.5
0206,772.5,429.5
0206,787.5,372.5
0206,808.5,348.5
0206,741.5,375.5
0206,651.5,258.5
0206,621.5,432.5
0207,645.5,263.5
0207,760.5,454.5
0207,796.5,424.5
0207,800.5,373.5
0207,813.5,345.5
0207,748.5,383.5
0207,745.5,413.5
0207,754.5,257.5
0207,795.5,293.5
0207,619.5,283.5
0207,595.5,386.5
0207,603.5,308.5
0207,614.5,424.5
0207,706.5,291.5
0207,729.5,345.5
0210,793.5,422.5
0210,607.5,418.5
0210,642.5,264.5
0210,764.5,434.5
0210,748.5,401.5
0210,815.5,335.5
0210,748.5,462.5
0210,592.5,370.5
0210,627.5,287.5
0210,602.5,304.5
0210,724.5,319.5
0210,755.5,269.5
0210,785.5,279.5
0210,715.5,245.5
0210,811.5,381.5
0213,623.5,279.5
0213,591.5,348.5
0213,747.5,352.5
0213,797.5,423.5
0213,737.5,281.5
0213,765.5,268.5
0213,718.5,256.5
0213,602.5,409.5
0213,808.5,390.5
0213,810.5,356.5
0213,601.5,304.5
0213,646.5,258.5
0213,763.5,448.5
0213,738.5,463.5
0213,773.5,302.5
0214,763.5,275.5
0214,774.5,444.5
0214,733.5,290.5
0214,591.5,345.5
0214,604.5,298.5
0214,737.5,464.5
0214,807.5,393.5
0214,603.5,407.5
0214,814.5,358.5
0214,739.5,336.5
0214,633.5,283.5
0214,650.5,259.5
0214,717.5,253.5
0214,796.5,420.5
0214,786.5,288.5
0219,787.5,394.5
0219,660.5,252.5
0219,718.5,327.5
0219,810.5,372.5
0219,697.5,400.5
0219,746.5,458.5
0219,750.5,411.5
0219,663.5,285.5
0219,729.5,263.5
0219,754.5,312.5
0219,812.5,342.5
0219,608.5,296.5
0219,605.5,356.5
0219,774.5,294.5
0219,633.5,427.5
0220,698.5,430.5
0220,662.5,255.5
0220,719.5,331.5
0220,740.5,461.5
0220,738.5,409.5
0220,642.5,412.5
0220,809.5,367.5
0220,719.5,254.5
0220,772.5,385.5
0220,627.5,368.5
0220,649.5,284.5
0220,761.5,333.5
0220,609.5,304.5
0220,777.5,306.5
0220,809.5,335.5
0221,635.5,297.5
0221,611.5,319.5
0221,655.5,260.5
0221,735.5,459.5
0221,631.5,407.5
0221,700.5,450.5
0221,638.5,365.5
0221,813.5,372.5
0221,728.5,417.5
0221,777.5,305.5
0221,709.5,337.5
0221,714.5,259.5
0221,813.5,327.5
0221,761.5,346.5
0221,756.5,399.5
0222,612.5,326.5
0222,700.5,464.5
0222,739.5,464.5
0222,757.5,348.5
0222,620.5,416.5
0222,807.5,319.5
0222,806.5,384.5
0222,650.5,359.5
0222,710.5,340.5
0222,762.5,411.5
0222,637.5,302.5
0222,645.5,261.5
0222,780.5,299.5
0222,730.5,423.5
0222,705.5,258.5
0225,742.5,310.5
0225,605.5,387.5
0225,805.5,408.5
0225,764.5,284.5
0225,641.5,454.5
0225,647.5,330.5
0225,702.5,387.5
0225,738.5,468.5
0225,803.5,307.5
0225,643.5,276.5
0225,756.5,359.5
0225,699.5,471.5
0225,689.5,274.5
0225,661.5,300.5
0225,725.5,423.5
0226,697.5,399.5
0226,604.5,410.5
0226,669.5,300.5
0226,701.5,280.5
0226,805.5,313.5
0226,751.5,367.5
0226,644.5,323.5
0226,804.5,404.5
0226,649.5,456.5
0226,650.5,278.5
0226,702.5,470.5
0226,768.5,282.5
0226,713.5,430.5
0226,735.5,464.5
0226,744.5,303.5
0228,695.5,426.5
0228,708.5,470.5
0228,682.5,291.5
0228,814.5,329.5
0228,714.5,394.5
0228,602.5,311.5
0228,716.5,265.5
0228,610.5,424.5
0228,757.5,263.5
0228,805.5,403.5
0228,737.5,463.5
0228,744.5,379.5
0228,646.5,270.5
0228,746.5,289.5
0228,679.5,468.5
0229,744.5,462.5
0229,810.5,342.5
0229,601.5,312.5
0229,659.5,269.5
0229,717.5,263.5
0229,748.5,393.5
0229,679.5,411.5
0229,685.5,284.5
0229,757.5,259.5
0229,709.5,381.5
0229,714.5,471.5
0229,681.5,467.5
0229,805.5,401.5
0229,613.5,428.5
0229,746.5,296.5
0233,607.5,413.5
0233,620.5,327.5
0233,628.5,381.5
0233,774.5,444.5
0233,775.5,317.5
0233,738.5,465.5
0233,648.5,258.5
0233,759.5,262.5
0233,794.5,402.5
0233,812.5,359.5
0233,689.5,415.5
0233,673.5,306.5
0233,710.5,449.5
0233,776.5,351.5
0233,812.5,384.5
0234,779.5,353.5
0234,776.5,315.5
0234,759.5,259.5
0234,739.5,465.5
0234,631.5,368.5
0234,815.5,371.5
0234,712.5,460.5
0234,710.5,261.5
0234,687.5,311.5
0234,651.5,256.5
0234,606.5,410.5
0234,627.5,324.5
0234,787.5,395.5
0234,773.5,430.5
0234,687.5,402.5
0235,810.5,374.5
0235,758.5,258.5
0235,794.5,343.5
0235,643.5,261.5
0235,774.5,316.5
0235,636.5,352.5
0235,614.5,397.5
0235,767.5,410.5
0235,644.5,312.5
0235,739.5,463.5
0235,714.5,261.5
0235,709.5,321.5
0235,667.5,389.5
0235,785.5,389.5
0235,699.5,465.5
0236,745.5,397.5
0236,639.5,265.5
0236,813.5,375.5
0236,787.5,391.5
0236,659.5,379.5
0236,730.5,468.5
0236,617.5,392.5
0236,808.5,346.5
0236,716.5,259.5
0236,682.5,456.5
0236,633.5,340.5
0236,722.5,322.5
0236,644.5,293.5
0236,750.5,256.5
0236,784.5,318.5
0237,618.5,396.5
0237,614.5,324.5
0237,635.5,262.5
0237,730.5,467.5
0237,747.5,316.5
0237,812.5,378.5
0237,713.5,269.5
0237,644.5,295.5
0237,813.5,346.5
0237,653.5,386.5
0237,781.5,321.5
0237,673.5,442.5
0237,746.5,253.5
0237,786.5,393.5
0237,727.5,387.5
0238,812.5,344.5
0238,783.5,394.5
0238,656.5,409.5
0238,678.5,428.5
0238,634.5,264.5
0238,760.5,307.5
0238,718.5,271.5
0238,622.5,404.5
0238,810.5,381.5
0238,729.5,467.5
0238,781.5,332.5
0238,614.5,313.5
0238,640.5,297.5
0238,709.5,379.5
0238,745.5,255.5
0239,631.5,271.5
0239,731.5,467.5
0239,682.5,374.5
0239,812.5,380.5
0239,771.5,333.5
0239,814.5,332.5
0239,655.5,407.5
0239,689.5,409.5
0239,647.5,298.5
0239,619.5,415.5
0239,721.5,288.5
0239,753.5,257.5
0239,763.5,299.5
0239,781.5,392.5
0239,615.5,300.5
0240,618.5,432.5
0240,654.5,402.5
0240,630.5,270.5
0240,662.5,371.5
0240,781.5,387.5
0240,762.5,327.5
0240,607.5,295.5
0240,812.5,376.5
0240,751.5,260.5
0240,644.5,303.5
0240,686.5,402.5
0240,734.5,467.5
0240,712.5,310.5
0240,813.5,328.5
0240,767.5,289.5
0241,701.5,332.5
0241,646.5,399.5
0241,812.5,330.5
0241,753.5,258.5
0241,675.5,394.5
0241,630.5,279.5
0241,656.5,364.5
0241,767.5,285.5
0241,767.5,317.5
0241,603.5,304.5
0241,730.5,465.5
0241,620.5,437.5
0241,645.5,316.5
0241,813.5,377.5
0241,780.5,381.5
0242,643.5,373.5
0242,763.5,281.5
0242,597.5,314.5
0242,729.5,467.5
0242,810.5,326.5
0242,747.5,255.5
0242,649.5,326.5
0242,662.5,399.5
0242,632.5,404.5
0242,809.5,386.5
0242,679.5,344.5
0242,619.5,283.5
0242,623.5,440.5
0242,780.5,369.5
0242,769.5,315.5
0243,638.5,381.5
0243,681.5,337.5
0243,726.5,461.5
0243,807.5,396.5
0243,596.5,322.5
0243,765.5,274.5
0243,625.5,441.5
0243,630.5,411.5
0243,745.5,254.5
0243,774.5,357.5
0243,774.5,309.5
0243,662.5,406.5
0243,636.5,326.5
0243,607.5,293.5
0243,810.5,330.5
0245,712.5,435.5
0245,771.5,270.5
0245,738.5,253.5
0245,627.5,443.5
0245,617.5,289.5
0245,800.5,352.5
0245,655.5,329.5
0245,598.5,315.5
0245,626.5,325.5
0245,652.5,389.5
0245,650.5,425.5
0245,612.5,401.5
0245,757.5,330.5
0245,802.5,407.5
0245,772.5,302.5
0246,776.5,270.5
0246,622.5,289.5
0246,800.5,410.5
0246,720.5,422.5
0246,657.5,431.5
0246,626.5,442.5
0246,619.5,387.5
0246,624.5,329.5
0246,672.5,393.5
0246,752.5,325.5
0246,772.5,303.5
0246,653.5,304.5
0246,598.5,311.5
0246,749.5,260.5
0246,771.5,353.5
0248,648.5,438.5
0248,771.5,302.5
0248,646.5,359.5
0248,775.5,270.5
0248,657.5,298.5
0248,746.5,320.5
0248,620.5,292.5
0248,803.5,410.5
0248,753.5,412.5
0248,688.5,432.5
0248,599.5,311.5
0248,759.5,374.5
0248,676.5,393.5
0248,619.5,332.5
0248,741.5,259.5
0249,616.5,345.5
0249,616.5,292.5
0249,769.5,302.5
0249,799.5,416.5
0249,661.5,435.5
0249,680.5,387.5
0249,599.5,315.5
0249,756.5,382.5
0249,780.5,275.5
0249,661.5,361.5
0249,657.5,294.5
0249,767.5,410.5
0249,695.5,411.5
0249,741.5,329.5
0249,741.5,257.5
0251,660.5,299.5
0251,783.5,365.5
0251,608.5,349.5
0251,778.5,273.5
0251,719.5,324.5
0251,736.5,258.5
0251,758.5,295.5
0251,776.5,407.5
0251,622.5,280.5
0251,702.5,402.5
0251,808.5,404.5
0251,689.5,429.5
0251,691.5,369.5
0251,682.5,323.5
0251,614.5,312.5
0252,606.5,370.5
0252,685.5,418.5
0252,630.5,272.5
0252,617.5,300.5
0252,683.5,314.5
0252,660.5,302.5
0252,685.5,370.5
0252,740.5,252.5
0252,811.5,397.5
0252,779.5,275.5
0252,755.5,293.5
0252,794.5,346.5
0252,714.5,321.5
0252,760.5,260.5
0252,778.5,407.5
0254,765.5,264.5
0254,710.5,399.5
0254,693.5,425.5
0254,615.5,401.5
0254,679.5,383.5
0254,698.5,329.5
0254,644.5,302.5
0254,732.5,264.5
0254,608.5,298.5
0254,639.5,268.5
0254,806.5,329.5
0254,753.5,302.5
0254,667.5,315.5
0254,804.5,407.5
0254,799.5,367.5
0255,715.5,431.5
0255,626.5,409.5
0255,637.5,270.5
0255,803.5,407.5
0255,762.5,262.5
0255,793.5,364.5
0255,667.5,318.5
0255,806.5,313.5
0255,639.5,303.5
0255,694.5,397.5
0255,607.5,301.5
0255,660.5,395.5
0255,727.5,264.5
0255,743.5,294.5
0255,698.5,332.5
0256,746.5,289.5
0256,625.5,416.5
0256,691.5,337.5
0256,656.5,411.5
0256,801.5,303.5
0256,608.5,296.5
0256,630.5,274.5
0256,685.5,405.5
0256,642.5,304.5
0256,726.5,260.5
0256,669.5,316.5
0256,802.5,408.5
0256,780.5,359.5
0256,733.5,441.5
0256,764.5,264.5
0257,621.5,424.5
0257,627.5,273.5
0257,604.5,299.5
0257,638.5,301.5
0257,797.5,297.5
0257,669.5,314.5
0257,653.5,424.5
0257,734.5,265.5
0257,678.5,414.5
0257,687.5,342.5
0257,756.5,352.5
0257,757.5,451.5
0257,751.5,287.5
0257,798.5,412.5
0257,753.5,251.5
0258,659.5,431.5
0258,791.5,423.5
0258,796.5,293.5
0258,683.5,343.5
0258,691.5,418.5
0258,768.5,262.5
0258,625.5,419.5
0258,767.5,450.5
0258,668.5,317.5
0258,756.5,290.5
0258,608.5,295.5
0258,741.5,342.5
0258,628.5,271.5
0258,643.5,302.5
0258,732.5,268.5
0260,774.5,415.5
0260,638.5,266.5
0260,766.5,261.5
0260,772.5,447.5
0260,647.5,299.5
0260,765.5,293.5
0260,737.5,266.5
0260,702.5,333.5
0260,700.5,438.5
0260,793.5,293.5
0260,652.5,399.5
0260,668.5,443.5
0260,616.5,291.5
0260,670.5,338.5
0260,682.5,296.5
0261,673.5,289.5
0261,615.5,288.5
0261,790.5,288.5
0261,761.5,260.5
0261,713.5,445.5
0261,774.5,445.5
0261,642.5,272.5
0261,647.5,304.5
0261,768.5,403.5
0261,660.5,331.5
0261,698.5,335.5
0261,762.5,295.5
0261,737.5,276.5
0261,676.5,443.5
0261,667.5,390.5
0262,786.5,280.5
0262,771.5,396.5
0262,670.5,288.5
0262,674.5,378.5
0262,641.5,264.5
0262,642.5,309.5
0262,653.5,341.5
0262,618.5,283.5
0262,683.5,428.5
0262,722.5,455.5
0262,742.5,285.5
0262,777.5,438.5
0262,766.5,302.5
0262,690.5,343.5
0262,758.5,257.5
0263,774.5,300.5
0263,641.5,313.5
0263,772.5,266.5
0263,778.5,386.5
0263,784.5,416.5
0263,694.5,345.5
0263,651.5,346.5
0263,670.5,297.5
0263,616.5,285.5
0263,745.5,290.5
0263,746.5,256.5
0263,679.5,412.5
0263,680.5,373.5
0263,648.5,260.5
0263,724.5,461.5
0266,602.5,309.5
0266,646.5,351.5
0266,738.5,301.5
0266,768.5,321.5
0266,680.5,440.5
0266,721.5,276.5
0266,750.5,353.5
0266,760.5,392.5
0266,656.5,295.5
0266,749.5,254.5
0266,662.5,264.5
0266,727.5,326.5
0266,675.5,362.5
0266,698.5,306.5
0266,726.5,443.5
0268,678.5,354.5
0268,719.5,370.5
0268,644.5,357.5
0268,617.5,331.5
0268,645.5,262.5
0268,764.5,326.5
0268,742.5,294.5
0268,734.5,400.5
0268,661.5,295.5
0268,738.5,249.5
0268,695.5,294.5
0268,718.5,274.5
0268,717.5,448.5
0268,745.5,437.5
0268,716.5,317.5
0269,630.5,270.5
0269,677.5,350.5
0269,764.5,322.5
0269,693.5,287.5
0269,644.5,354.5
0269,723.5,389.5
0269,704.5,320.5
0269,757.5,421.5
0269,619.5,335.5
0269,721.5,276.5
0269,704.5,363.5
0269,662.5,293.5
0269,743.5,450.5
0269,728.5,246.5
0269,748.5,296.5
0270,618.5,279.5
0270,694.5,280.5
0270,771.5,318.5
0270,727.5,246.5
0270,687.5,364.5
0270,648.5,364.5
0270,725.5,279.5
0270,764.5,404.5
0270,663.5,294.5
0270,759.5,448.5
0270,626.5,334.5
0270,702.5,326.5
0270,666.5,342.5
0270,715.5,384.5
0270,757.5,289.5
0272,792.5,406.5
0272,680.5,356.5
0272,782.5,321.5
0272,596.5,312.5
0272,728.5,277.5
0272,694.5,278.5
0272,657.5,278.5
0272,704.5,339.5
0272,656.5,400.5
0272,791.5,364.5
0272,726.5,361.5
0272,687.5,387.5
0272,756.5,293.5
0272,648.5,358.5
0272,716.5,249.5
0273,779.5,323.5
0273,688.5,364.5
0273,658.5,414.5
0273,704.5,392.5
0273,710.5,249.5
0273,792.5,378.5
0273,711.5,337.5
0273,739.5,351.5
0273,802.5,346.5
0273,692.5,272.5
0273,723.5,276.5
0273,657.5,363.5
0273,595.5,323.5
0273,750.5,303.5
0273,663.5,261.5
0274,595.5,327.5
0274,777.5,366.5
0274,669.5,428.5
0274,747.5,335.5
0274,661.5,362.5
0274,665.5,253.5
0274,807.5,326.5
0274,718.5,268.5
0274,717.5,385.5
0274,778.5,320.5
0274,681.5,277.5
0274,691.5,369.5
0274,721.5,324.5
0274,699.5,245.5
0274,740.5,292.5
0275,722.5,378.5
0275,719.5,324.5
0275,747.5,330.5
0275,716.5,273.5
0275,780.5,324.5
0275,694.5,365.5
0275,770.5,372.5
0275,802.5,308.5
0275,662.5,429.5
0275,673.5,250.5
0275,594.5,330.5
0275,651.5,380.5
0275,743.5,291.5
0275,706.5,245.5
0275,674.5,284.5
0276,788.5,331.5
0276,756.5,323.5
0276,713.5,276.5
0276,724.5,369.5
0276,774.5,376.5
0276,591.5,328.5
0276,657.5,294.5
0276,801.5,304.5
0276,716.5,245.5
0276,745.5,287.5
0276,723.5,330.5
0276,683.5,255.5
0276,663.5,413.5
0276,637.5,397.5
0276,693.5,367.5
0277,719.5,288.5
0277,733.5,254.5
0277,691.5,378.5
0277,729.5,324.5
0277,672.5,404.5
0277,629.5,409.5
0277,721.5,359.5
0277,768.5,313.5
0277,752.5,280.5
0277,798.5,340.5
0277,799.5,302.5
0277,596.5,324.5
0277,662.5,306.5
0277,689.5,267.5
0277,788.5,382.5
0278,695.5,383.5
0278,598.5,317.5
0278,795.5,350.5
0278,640.5,429.5
0278,771.5,312.5
0278,721.5,296.5
0278,697.5,265.5
0278,673.5,407.5
0278,756.5,283.5
0278,802.5,382.5
0278,659.5,319.5
0278,720.5,367.5
0278,738.5,324.5
0278,802.5,302.5
0278,730.5,266.5
0279,602.5,307.5
0279,802.5,376.5
0279,763.5,274.5
0279,728.5,295.5
0279,690.5,377.5
0279,724.5,385.5
0279,677.5,328.5
0279,782.5,350.5
0279,804.5,307.5
0279,677.5,407.5
0279,691.5,265.5
0279,656.5,429.5
0279,742.5,321.5
0279,768.5,302.5
0279,732.5,264.5
0287,728.5,371.5
0287,751.5,289.5
0287,689.5,410.5
0287,750.5,336.5
0287,729.5,310.5
0287,733.5,470.5
0287,696.5,465.5
0287,628.5,299.5
0287,719.5,423.5
0287,798.5,334.5
0287,666.5,247.5
0287,729.5,261.5
0287,637.5,266.5
0287,762.5,261.5
0287,718.5,341.5
0288,810.5,355.5
0288,719.5,339.5
0288,619.5,289.5
0288,639.5,266.5
0288,733.5,465.5
0288,768.5,265.5
0288,695.5,470.5
0288,697.5,399.5
0288,751.5,292.5
0288,751.5,325.5
0288,712.5,433.5
0288,674.5,247.5
0288,739.5,375.5
0288,723.5,306.5
0288,733.5,259.5
0292,730.5,468.5
0292,795.5,297.5
0292,667.5,246.5
0292,751.5,256.5
0292,732.5,436.5
0292,802.5,401.5
0292,704.5,453.5
0292,705.5,343.5
0292,704.5,312.5
0292,712.5,260.5
0292,679.5,371.5
0292,737.5,290.5
0292,753.5,415.5
0292,778.5,276.5
0292,632.5,271.5
0293,734.5,436.5
0293,713.5,354.5
0293,629.5,273.5
0293,672.5,380.5
0293,735.5,466.5
0293,681.5,256.5
0293,712.5,317.5
0293,755.5,412.5
0293,797.5,297.5
0293,780.5,275.5
0293,807.5,402.5
0293,731.5,294.5
0293,705.5,449.5
0293,749.5,264.5
0293,713.5,261.5
0296,734.5,437.5
0296,749.5,410.5
0296,720.5,280.5
0296,682.5,269.5
0296,713.5,332.5
0296,608.5,303.5
0296,712.5,244.5
0296,799.5,307.5
0296,730.5,469.5
0296,746.5,305.5
0296,750.5,336.5
0296,796.5,347.5
0296,699.5,421.5
0296,760.5,265.5
0296,668.5,423.5
0299,722.5,469.5
0299,773.5,354.5
0299,744.5,252.5
0299,709.5,433.5
0299,739.5,418.5
0299,680.5,422.5
0299,712.5,242.5
0299,744.5,358.5
0299,775.5,283.5
0299,667.5,257.5
0299,753.5,460.5
0299,716.5,325.5
0299,601.5,311.5
0299,664.5,292.5
0299,799.5,299.5
0301,699.5,413.5
0301,764.5,451.5
0301,808.5,315.5
0301,790.5,287.5
0301,703.5,332.5
0301,707.5,440.5
0301,733.5,462.5
0301,600.5,313.5
0301,730.5,258.5
0301,735.5,395.5
0301,749.5,354.5
0301,765.5,388.5
0301,700.5,251.5
0301,670.5,268.5
0301,650.5,291.5
0302,599.5,313.5
0302,775.5,442.5
0302,799.5,300.5
0302,732.5,451.5
0302,644.5,287.5
0302,766.5,403.5
0302,678.5,266.5
0302,706.5,397.5
0302,686.5,344.5
0302,729.5,253.5
0302,698.5,243.5
0302,811.5,326.5
0302,696.5,454.5
0302,741.5,353.5
0302,735.5,390.5
0303,700.5,460.5
0303,675.5,265.5
0303,696.5,242.5
0303,802.5,306.5
0303,780.5,435.5
0303,713.5,387.5
0303,759.5,411.5
0303,640.5,282.5
0303,598.5,313.5
0303,672.5,362.5
0303,729.5,440.5
0303,744.5,386.5
0303,730.5,251.5
0303,813.5,337.5
0303,738.5,355.5
0308,731.5,442.5
0308,718.5,262.5
0308,805.5,356.5
0308,723.5,293.5
0308,773.5,361.5
0308,598.5,318.5
0308,622.5,436.5
0308,620.5,297.5
0308,779.5,406.5
0308,810.5,326.5
0308,803.5,387.5
0308,752.5,384.5
0308,673.5,454.5
0308,693.5,246.5
0308,757.5,324.5
0311,760.5,368.5
0311,786.5,351.5
0311,805.5,396.5
0311,734.5,324.5
0311,595.5,349.5
0311,710.5,295.5
0311,807.5,322.5
0311,649.5,438.5
0311,693.5,270.5
0311,675.5,249.5
0311,688.5,452.5
0311,817.5,357.5
0311,796.5,425.5
0311,656.5,293.5
0311,700.5,412.5
0312,710.5,294.5
0312,791.5,344.5
0312,677.5,249.5
0312,798.5,395.5
0312,597.5,351.5
0312,738.5,336.5
0312,654.5,284.5
0312,688.5,454.5
0312,780.5,430.5
0312,813.5,366.5
0312,656.5,428.5
0312,758.5,361.5
0312,688.5,278.5
0312,682.5,407.5
0312,805.5,308.5
0314,685.5,245.5
0314,737.5,355.5
0314,813.5,371.5
0314,793.5,327.5
0314,796.5,297.5
0314,653.5,370.5
0314,624.5,350.5
0314,617.5,292.5
0314,768.5,347.5
0314,790.5,400.5
0314,670.5,434.5
0314,734.5,302.5
0314,644.5,400.5
0314,673.5,298.5
0314,763.5,409.5
0316,771.5,331.5
0316,630.5,345.5
0316,609.5,315.5
0316,787.5,434.5
0316,810.5,355.5
0316,682.5,331.5
0316,593.5,361.5
0316,629.5,378.5
0316,768.5,299.5
0316,793.5,289.5
0316,646.5,258.5
0316,740.5,344.5
0316,769.5,366.5
0316,808.5,319.5
0316,665.5,407.5
0317,808.5,318.5
0317,762.5,294.5
0317,778.5,324.5
0317,783.5,437.5
0317,816.5,353.5
0317,625.5,371.5
0317,773.5,356.5
0317,610.5,339.5
0317,658.5,401.5
0317,590.5,370.5
0317,607.5,308.5
0317,691.5,336.5
0317,632.5,266.5
0317,746.5,336.5
0317,793.5,291.5
0319,591.5,343.5
0319,590.5,379.5
0319,787.5,432.5
0319,768.5,268.5
0319,794.5,291.5
0319,626.5,275.5
0319,609.5,293.5
0319,620.5,412.5
0319,810.5,321.5
0319,702.5,327.5
0319,780.5,342.5
0319,622.5,351.5
0319,816.5,357.5
0319,749.5,334.5
0319,768.5,310.5
0320,811.5,325.5
0320,591.5,375.5
0320,591.5,343.5
0320,792.5,295.5
0320,610.5,420.5
0320,794.5,424.5
0320,619.5,338.5
0320,606.5,303.5
0320,780.5,334.5
0320,767.5,264.5
0320,704.5,319.5
0320,750.5,334.5
0320,811.5,359.5
0320,628.5,279.5
0320,762.5,308.5
0321,811.5,324.5
0321,756.5,302.5
0321,593.5,373.5
0321,589.5,340.5
0321,609.5,420.5
0321,793.5,291.5
0321,780.5,324.5
0321,750.5,335.5
0321,810.5,362.5
0321,704.5,317.5
0321,619.5,329.5
0321,772.5,269.5
0321,630.5,285.5
0321,797.5,418.5
0321,604.5,305.5
0322,593.5,336.5
0322,608.5,408.5
0322,591.5,374.5
0322,778.5,316.5
0322,793.5,292.5
0322,697.5,321.5
0322,806.5,317.5
0322,623.5,325.5
0322,770.5,269.5
0322,807.5,347.5
0322,793.5,420.5
0322,606.5,298.5
0322,639.5,282.5
0322,751.5,299.5
0322,745.5,331.5
0324,593.5,333.5
0324,597.5,381.5
0324,764.5,272.5
0324,732.5,338.5
0324,799.5,410.5
0324,792.5,290.5
0324,733.5,303.5
0324,617.5,315.5
0324,617.5,285.5
0324,620.5,403.5
0324,643.5,298.5
0324,801.5,320.5
0324,781.5,363.5
0324,698.5,331.5
0324,765.5,314.5
0325,762.5,272.5
0325,794.5,290.5
0325,615.5,285.5
0325,605.5,377.5
0325,732.5,315.5
0325,701.5,349.5
0325,623.5,402.5
0325,593.5,337.5
0325,761.5,315.5
0325,782.5,367.5
0325,792.5,325.5
0325,645.5,294.5
0325,802.5,402.5
0325,617.5,311.5
0325,736.5,358.5
0326,798.5,330.5
0326,595.5,333.5
0326,738.5,324.5
0326,611.5,291.5
0326,616.5,412.5
0326,750.5,359.5
0326,804.5,406.5
0326,781.5,374.5
0326,615.5,376.5
0326,769.5,323.5
0326,804.5,300.5
0326,624.5,319.5
0326,756.5,259.5
0326,646.5,296.5
0326,703.5,358.5
0327,764.5,325.5
0327,804.5,411.5
0327,795.5,334.5
0327,780.5,374.5
0327,796.5,302.5
0327,610.5,406.5
0327,619.5,285.5
0327,753.5,257.5
0327,738.5,334.5
0327,596.5,324.5
0327,652.5,290.5
0327,724.5,366.5
0327,610.5,372.5
0327,757.5,356.5
0327,628.5,330.5
0328,793.5,302.5
0328,779.5,374.5
0328,802.5,410.5
0328,799.5,339.5
0328,655.5,301.5
0328,598.5,356.5
0328,740.5,323.5
0328,643.5,339.5
0328,728.5,365.5
0328,760.5,262.5
0328,619.5,280.5
0328,608.5,403.5
0328,760.5,353.5
0328,771.5,323.5
0328,597.5,313.5
0329,589.5,343.5
0329,618.5,278.5
0329,766.5,264.5
0329,796.5,305.5
0329,802.5,408.5
0329,605.5,395.5
0329,656.5,302.5
0329,787.5,374.5
0329,654.5,338.5
0329,810.5,334.5
0329,733.5,371.5
0329,777.5,327.5
0329,764.5,355.5
0329,604.5,302.5
0329,744.5,317.5
0330,731.5,371.5
0330,811.5,331.5
0330,760.5,357.5
0330,596.5,387.5
0330,595.5,327.5
0330,752.5,314.5
0330,607.5,295.5
0330,658.5,328.5
0330,645.5,302.5
0330,783.5,338.5
0330,792.5,302.5
0330,625.5,273.5
0330,785.5,379.5
0330,772.5,269.5
0330,800.5,404.5
0333,594.5,387.5
0333,722.5,369.5
0333,773.5,265.5
0333,599.5,317.5
0333,803.5,409.5
0333,813.5,360.5
0333,641.5,310.5
0333,612.5,290.5
0333,792.5,381.5
0333,747.5,294.5
0333,808.5,321.5
0333,635.5,273.5
0333,761.5,331.5
0333,691.5,319.5
0333,762.5,372.5
0334,717.5,366.5
0334,768.5,265.5
0334,640.5,280.5
0334,806.5,403.5
0334,597.5,390.5
0334,792.5,372.5
0334,714.5,320.5
0334,631.5,313.5
0334,796.5,321.5
0334,596.5,323.5
0334,812.5,347.5
0334,751.5,327.5
0334,761.5,367.5
0334,612.5,292.5
0334,732.5,275.5
0336,792.5,371.5
0336,598.5,316.5
0336,616.5,287.5
0336,805.5,404.5
0336,773.5,270.5
0336,779.5,304.5
0336,714.5,373.5
0336,702.5,255.5
0336,808.5,320.5
0336,599.5,407.5
0336,630.5,313.5
0336,719.5,309.5
0336,663.5,294.5
0336,766.5,351.5
0336,747.5,322.5
0337,804.5,404.5
0337,598.5,406.5
0337,799.5,301.5
0337,771.5,303.5
0337,683.5,256.5
0337,742.5,317.5
0337,631.5,310.5
0337,597.5,313.5
0337,678.5,294.5
0337,762.5,269.5
0337,717.5,298.5
0337,758.5,343.5
0337,781.5,374.5
0337,618.5,281.5
0337,718.5,369.5
0339,637.5,271.5
0339,812.5,383.5
0339,724.5,272.5
0339,673.5,268.5
0339,762.5,307.5
0339,609.5,386.5
0339,726.5,363.5
0339,759.5,356.5
0339,796.5,295.5
0339,594.5,323.5
0339,768.5,265.5
0339,797.5,415.5
0339,730.5,317.5
0339,631.5,311.5
0339,693.5,289.5
0340,718.5,313.5
0340,677.5,269.5
0340,591.5,334.5
0340,764.5,262.5
0340,764.5,314.5
0340,732.5,256.5
0340,812.5,386.5
0340,795.5,416.5
0340,618.5,391.5
0340,726.5,343.5
0340,772.5,354.5
0340,635.5,318.5
0340,801.5,300.5
0340,642.5,268.5
0340,705.5,285.5
0342,693.5,276.5
0342,722.5,273.5
0342,751.5,256.5
0342,798.5,395.5
0342,589.5,350.5
0342,607.5,400.5
0342,699.5,324.5
0342,729.5,323.5
0342,647.5,278.5
0342,804.5,302.5
0342,746.5,295.5
0342,655.5,313.5
0342,796.5,425.5
0342,790.5,331.5
0342,713.5,248.5
0344,697.5,350.5
0344,748.5,297.5
0344,723.5,268.5
0344,591.5,356.5
0344,753.5,255.5
0344,642.5,304.5
0344,709.5,323.5
0344,605.5,381.5
0344,781.5,427.5
0344,795.5,296.5
0344,673.5,304.5
0344,699.5,287.5
0344,781.5,384.5
0344,690.5,245.5
0344,788.5,329.5
0345,683.5,361.5
0345,709.5,293.5
0345,590.5,342.5
0345,751.5,293.5
0345,783.5,435.5
0345,775.5,324.5
0345,709.5,333.5
0345,650.5,311.5
0345,735.5,268.5
0345,804.5,308.5
0345,677.5,293.5
0345,597.5,376.5
0345,785.5,381.5
0345,766.5,263.5
0345,685.5,248.5
0346,809.5,323.5
0346,785.5,434.5
0346,713.5,300.5
0346,731.5,263.5
0346,679.5,290.5
0346,767.5,325.5
0346,708.5,350.5
0346,593.5,332.5
0346,782.5,376.5
0346,765.5,259.5
0346,666.5,252.5
0346,667.5,325.5
0346,754.5,294.5
0346,666.5,368.5
0346,594.5,369.5
0347,763.5,329.5
0347,766.5,264.5
0347,595.5,366.5
0347,645.5,371.5
0347,787.5,434.5
0347,687.5,325.5
0347,658.5,253.5
0347,724.5,300.5
0347,683.5,293.5
0347,812.5,333.5
0347,759.5,299.5
0347,732.5,259.5
0347,596.5,321.5
0347,711.5,372.5
0347,768.5,363.5
0348,630.5,363.5
0348,647.5,259.5
0348,730.5,301.5
0348,694.5,301.5
0348,763.5,264.5
0348,788.5,429.5
0348,737.5,249.5
0348,759.5,334.5
0348,720.5,397.5
0348,589.5,358.5
0348,706.5,326.5
0348,598.5,311.5
0348,766.5,368.5
0348,813.5,342.5
0348,762.5,303.5
0349,737.5,297.5
0349,759.5,335.5
0349,765.5,262.5
0349,735.5,248.5
0349,769.5,302.5
0349,606.5,303.5
0349,761.5,371.5
0349,709.5,406.5
0349,590.5,358.5
0349,798.5,420.5
0349,705.5,300.5
0349,617.5,350.5
0349,727.5,330.5
0349,815.5,347.5
0349,647.5,260.5
0350,612.5,328.5
0350,768.5,299.5
0350,645.5,261.5
0350,799.5,415.5
0350,764.5,371.5
0350,609.5,299.5
0350,711.5,303.5
0350,814.5,347.5
0350,772.5,267.5
0350,593.5,352.5
0350,764.5,342.5
0350,737.5,253.5
0350,700.5,402.5
0350,738.5,288.5
0350,734.5,340.5
0351,742.5,342.5
0351,731.5,245.5
0351,752.5,371.5
0351,814.5,351.5
0351,610.5,322.5
0351,721.5,319.5
0351,765.5,298.5
0351,590.5,350.5
0351,776.5,346.5
0351,688.5,395.5
0351,617.5,283.5
0351,640.5,263.5
0351,768.5,264.5
0351,802.5,409.5
0351,735.5,280.5
0355,675.5,351.5
0355,764.5,262.5
0355,631.5,299.5
0355,731.5,371.5
0355,591.5,346.5
0355,626.5,331.5
0355,710.5,348.5
0355,690.5,326.5
0355,633.5,269.5
0355,709.5,268.5
0355,676.5,264.5
0355,788.5,286.5
0355,783.5,338.5
0355,815.5,347.5
0355,777.5,386.5
0358,691.5,249.5
0358,620.5,348.5
0358,617.5,302.5
0358,657.5,303.5
0358,792.5,290.5
0358,810.5,337.5
0358,709.5,339.5
0358,758.5,261.5
0358,783.5,321.5
0358,636.5,268.5
0358,746.5,391.5
0358,694.5,306.5
0358,797.5,416.5
0358,592.5,344.5
0358,671.5,276.5
0359,654.5,313.5
0359,621.5,347.5
0359,746.5,394.5
0359,765.5,258.5
0359,592.5,342.5
0359,786.5,281.5
0359,808.5,335.5
0359,689.5,248.5
0359,602.5,314.5
0359,667.5,279.5
0359,779.5,314.5
0359,795.5,423.5
0359,637.5,264.5
0359,717.5,321.5
0359,688.5,307.5
0362,672.5,247.5
0362,769.5,263.5
0362,668.5,348.5
0362,786.5,433.5
0362,661.5,298.5
0362,803.5,316.5
0362,782.5,290.5
0362,604.5,305.5
0362,717.5,390.5
0362,739.5,271.5
0362,760.5,325.5
0362,590.5,336.5
0362,698.5,269.5
0362,619.5,348.5
0362,642.5,266.5
0363,760.5,341.5
0363,779.5,300.5
0363,593.5,330.5
0363,788.5,431.5
0363,651.5,293.5
0363,622.5,338.5
0363,670.5,248.5
0363,603.5,301.5
0363,698.5,381.5
0363,741.5,262.5
0363,804.5,314.5
0363,681.5,355.5
0363,769.5,267.5
0363,641.5,263.5
0363,706.5,255.5
0365,766.5,300.5
0365,634.5,287.5
0365,751.5,263.5
0365,783.5,345.5
0365,697.5,253.5
0365,720.5,243.5
0365,593.5,326.5
0365,687.5,375.5
0365,691.5,345.5
0365,777.5,274.5
0365,799.5,298.5
0365,796.5,419.5
0365,634.5,319.5
0365,649.5,263.5
0365,604.5,296.5
0366,704.5,257.5
0366,801.5,411.5
0366,781.5,274.5
0366,788.5,344.5
0366,800.5,302.5
0366,766.5,302.5
0366,637.5,307.5
0366,593.5,331.5
0366,608.5,302.5
0366,751.5,276.5
0366,624.5,277.5
0366,733.5,249.5
0366,652.5,255.5
0366,687.5,359.5
0366,690.5,332.5
0367,686.5,322.5
0367,804.5,393.5
0367,737.5,287.5
0367,649.5,295.5
0367,621.5,276.5
0367,798.5,299.5
0367,606.5,298.5
0367,736.5,247.5
0367,790.5,332.5
0367,662.5,254.5
0367,705.5,356.5
0367,708.5,244.5
0367,766.5,300.5
0367,775.5,270.5
0367,593.5,330.5
0368,627.5,270.5
0368,606.5,297.5
0368,765.5,293.5
0368,662.5,284.5
0368,775.5,269.5
0368,594.5,327.5
0368,702.5,243.5
0368,670.5,256.5
0368,729.5,341.5
0368,736.5,248.5
0368,737.5,302.5
0368,695.5,302.5
0368,792.5,293.5
0368,802.5,370.5
0368,791.5,322.5
0370,747.5,254.5
0370,631.5,267.5
0370,708.5,288.5
0370,773.5,266.5
0370,708.5,243.5
0370,795.5,288.5
0370,663.5,251.5
0370,759.5,294.5
0370,733.5,305.5
0370,771.5,361.5
0370,744.5,334.5
0370,776.5,322.5
0370,602.5,334.5
0370,625.5,312.5
0370,656.5,293.5
0371,761.5,376.5
0371,719.5,242.5
0371,647.5,298.5
0371,604.5,346.5
0371,628.5,321.5
0371,633.5,269.5
0371,774.5,267.5
0371,742.5,332.5
0371,716.5,278.5
0371,794.5,290.5
0371,779.5,326.5
0371,658.5,253.5
0371,765.5,296.5
0371,735.5,302.5
0371,748.5,251.5
0372,761.5,300.5
0372,717.5,244.5
0372,639.5,335.5
0372,714.5,275.5
0372,589.5,345.5
0372,785.5,335.5
0372,654.5,309.5
0372,659.5,261.5
0372,747.5,252.5
0372,765.5,385.5
0372,631.5,270.5
0372,792.5,296.5
0372,744.5,337.5
0372,772.5,271.5
0372,729.5,301.5
0375,751.5,254.5
0375,778.5,434.5
0375,591.5,344.5
0375,720.5,249.5
0375,806.5,308.5
0375,637.5,266.5
0375,772.5,319.5
0375,709.5,279.5
0375,639.5,314.5
0375,697.5,363.5
0375,773.5,285.5
0375,678.5,258.5
0375,743.5,330.5
0375,684.5,297.5
0375,736.5,293.5
0376,757.5,258.5
0376,612.5,316.5
0376,783.5,439.5
0376,691.5,392.5
0376,728.5,255.5
0376,679.5,246.5
0376,807.5,314.5
0376,591.5,354.5
0376,697.5,271.5
0376,649.5,260.5
0376,782.5,278.5
0376,769.5,311.5
0376,729.5,293.5
0376,666.5,292.5
0376,736.5,322.5
0377,655.5,256.5
0377,732.5,268.5
0377,690.5,246.5
0377,596.5,319.5
0377,647.5,298.5
0377,681.5,425.5
0377,785.5,279.5
0377,761.5,262.5
0377,789.5,435.5
0377,737.5,323.5
0377,759.5,299.5
0377,719.5,299.5
0377,804.5,318.5
0377,702.5,270.5
0377,589.5,358.5
0382,712.5,326.5
0382,663.5,250.5
0382,684.5,274.5
0382,607.5,416.5
0382,612.5,292.5
0382,677.5,465.5
0382,687.5,357.5
0382,805.5,313.5
0382,652.5,281.5
0382,776.5,296.5
0382,741.5,284.5
0382,759.5,333.5
0382,599.5,320.5
0382,803.5,405.5
0382,742.5,252.5
0383,729.5,248.5
0383,683.5,467.5
0383,717.5,324.5
0383,654.5,254.5
0383,670.5,344.5
0383,596.5,320.5
0383,653.5,285.5
0383,683.5,264.5
0383,795.5,328.5
0383,603.5,405.5
0383,731.5,277.5
0383,774.5,296.5
0383,800.5,408.5
0383,611.5,288.5
0383,762.5,336.5
0384,654.5,290.5
0384,778.5,294.5
0384,594.5,326.5
0384,598.5,395.5
0384,762.5,337.5
0384,669.5,333.5
0384,719.5,245.5
0384,724.5,324.5
0384,618.5,282.5
0384,704.5,465.5
0384,648.5,259.5
0384,681.5,252.5
0384,707.5,276.5
0384,790.5,410.5
0384,795.5,345.5
0385,593.5,333.5
0385,621.5,280.5
0385,709.5,247.5
0385,762.5,327.5
0385,673.5,244.5
0385,775.5,290.5
0385,656.5,331.5
0385,648.5,261.5
0385,662.5,299.5
0385,690.5,274.5
0385,778.5,408.5
0385,791.5,360.5
0385,726.5,441.5
0385,602.5,387.5
0385,724.5,330.5
0388,628.5,309.5
0388,779.5,392.5
0388,688.5,360.5
0388,620.5,390.5
0388,638.5,266.5
0388,666.5,280.5
0388,744.5,335.5
0388,678.5,246.5
0388,669.5,335.5
0388,763.5,293.5
0388,663.5,306.5
0388,813.5,349.5
0388,722.5,425.5
0388,590.5,352.5
0388,704.5,276.5
0391,604.5,417.5
0391,805.5,332.5
0391,740.5,285.5
0391,783.5,407.5
0391,619.5,327.5
0391,592.5,338.5
0391,666.5,361.5
0391,632.5,265.5
0391,779.5,355.5
0391,648.5,312.5
0391,677.5,316.5
0391,658.5,286.5
0391,754.5,347.5
0391,677.5,257.5
0391,707.5,273.5
0392,777.5,344.5
0392,674.5,351.5
0392,649.5,315.5
0392,595.5,328.5
0392,810.5,318.5
0392,639.5,264.5
0392,711.5,272.5
0392,803.5,405.5
0392,677.5,269.5
0392,685.5,305.5
0392,739.5,270.5
0392,655.5,290.5
0392,611.5,426.5
0392,622.5,333.5
0392,752.5,323.5
0395,746.5,293.5
0395,601.5,309.5
0395,628.5,385.5
0395,682.5,345.5
0395,656.5,286.5
0395,653.5,255.5
0395,783.5,280.5
0395,737.5,326.5
0395,806.5,401.5
0395,745.5,250.5
0395,696.5,290.5
0395,645.5,445.5
0395,705.5,252.5
0395,650.5,343.5
0395,766.5,339.5
0396,628.5,408.5
0396,760.5,346.5
0396,658.5,285.5
0396,702.5,297.5
0396,808.5,400.5
0396,657.5,254.5
0396,701.5,249.5
0396,681.5,347.5
0396,749.5,256.5
0396,659.5,441.5
0396,650.5,339.5
0396,602.5,310.5
0396,746.5,296.5
0396,740.5,327.5
0396,780.5,281.5
0398,754.5,347.5
0398,759.5,263.5
0398,665.5,280.5
0398,809.5,399.5
0398,660.5,251.5
0398,682.5,344.5
0398,602.5,308.5
0398,673.5,443.5
0398,715.5,328.5
0398,626.5,440.5
0398,691.5,246.5
0398,751.5,288.5
0398,715.5,293.5
0398,640.5,307.5
0398,780.5,313.5
0400,706.5,348.5
0400,613.5,425.5
0400,737.5,338.5
0400,716.5,282.5
0400,668.5,415.5
0400,784.5,357.5
0400,798.5,403.5
0400,597.5,317.5
0400,759.5,264.5
0400,749.5,297.5
0400,659.5,252.5
0400,673.5,279.5
0400,693.5,247.5
0400,634.5,292.5
0400,763.5,324.5
0401,610.5,410.5
0401,595.5,324.5
0401,749.5,296.5
0401,670.5,417.5
0401,717.5,287.5
0401,677.5,275.5
0401,757.5,261.5
0401,661.5,251.5
0401,626.5,298.5
0401,703.5,251.5
0401,709.5,349.5
0401,787.5,356.5
0401,792.5,395.5
0401,769.5,327.5
0401,738.5,341.5
0402,615.5,394.5
0402,626.5,305.5
0402,592.5,332.5
0402,710.5,257.5
0402,744.5,336.5
0402,755.5,292.5
0402,753.5,259.5
0402,669.5,423.5
0402,719.5,358.5
0402,656.5,253.5
0402,793.5,361.5
0402,779.5,337.5
0402,678.5,277.5
0402,721.5,285.5
0402,792.5,388.5
0403,718.5,254.5
0403,670.5,281.5
0403,722.5,282.5
0403,590.5,338.5
0403,658.5,253.5
0403,787.5,394.5
0403,636.5,303.5
0403,745.5,323.5
0403,754.5,289.5
0403,624.5,385.5
0403,731.5,364.5
0403,789.5,365.5
0403,665.5,421.5
0403,775.5,339.5
0403,756.5,259.5
0405,591.5,347.5
0405,625.5,396.5
0405,781.5,397.5
0405,617.5,292.5
0405,658.5,393.5
0405,716.5,277.5
0405,765.5,339.5
0405,665.5,251.5
0405,726.5,245.5
0405,739.5,393.5
0405,744.5,317.5
0405,755.5,261.5
0405,756.5,289.5
0405,647.5,291.5
0405,782.5,369.5
0406,736.5,247.5
0406,743.5,400.5
0406,617.5,414.5
0406,612.5,291.5
0406,664.5,258.5
0406,664.5,383.5
0406,639.5,297.5
0406,763.5,263.5
0406,769.5,363.5
0406,776.5,321.5
0406,707.5,267.5
0406,751.5,292.5
0406,772.5,395.5
0406,722.5,309.5
0406,591.5,340.5
0407,618.5,433.5
0407,737.5,410.5
0407,707.5,303.5
0407,642.5,302.5
0407,765.5,264.5
0407,619.5,279.5
0407,738.5,250.5
0407,664.5,364.5
0407,788.5,326.5
0407,698.5,264.5
0407,766.5,359.5
0407,592.5,340.5
0407,665.5,267.5
0407,744.5,292.5
0407,772.5,386.5
0408,705.5,262.5
0408,767.5,358.5
0408,622.5,437.5
0408,639.5,267.5
0408,661.5,347.5
0408,761.5,392.5
0408,814.5,335.5
0408,592.5,335.5
0408,724.5,424.5
0408,737.5,291.5
0408,765.5,266.5
0408,671.5,256.5
0408,626.5,308.5
0408,702.5,302.5
0408,739.5,250.5
0410,684.5,245.5
0410,592.5,332.5
0410,757.5,348.5
0410,766.5,263.5
0410,666.5,264.5
0410,693.5,288.5
0410,607.5,305.5
0410,815.5,347.5
0410,712.5,265.5
0410,624.5,440.5
0410,736.5,423.5
0410,638.5,343.5
0410,726.5,291.5
0410,779.5,369.5
0410,744.5,250.5
0411,624.5,440.5
0411,747.5,414.5
0411,626.5,345.5
0411,666.5,272.5
0411,594.5,330.5
0411,619.5,311.5
0411,721.5,311.5
0411,742.5,253.5
0411,695.5,245.5
0411,814.5,353.5
0411,765.5,264.5
0411,692.5,291.5
0411,713.5,266.5
0411,745.5,357.5
0411,783.5,356.5
0412,750.5,400.5
0412,714.5,270.5
0412,766.5,263.5
0412,633.5,297.5
0412,660.5,260.5
0412,686.5,293.5
0412,740.5,372.5
0412,816.5,357.5
0412,616.5,344.5
0412,739.5,250.5
0412,595.5,320.5
0412,693.5,248.5
0412,622.5,439.5
0412,735.5,321.5
0412,777.5,348.5
0413,748.5,394.5
0413,621.5,437.5
0413,703.5,249.5
0413,635.5,279.5
0413,813.5,364.5
0413,614.5,347.5
0413,667.5,248.5
0413,600.5,309.5
0413,743.5,329.5
0413,736.5,253.5
0413,766.5,264.5
0413,735.5,368.5
0413,683.5,293.5
0413,773.5,337.5
0413,718.5,277.5
0414,767.5,264.5
0414,738.5,262.5
0414,610.5,304.5
0414,781.5,334.5
0414,621.5,439.5
0414,736.5,388.5
0414,629.5,268.5
0414,813.5,366.5
0414,614.5,354.5
0414,701.5,249.5
0414,723.5,291.5
0414,744.5,331.5
0414,724.5,361.5
0414,679.5,293.5
0414,664.5,267.5
0416,625.5,314.5
0416,786.5,329.5
0416,718.5,353.5
0416,809.5,348.5
0416,622.5,369.5
0416,730.5,307.5
0416,656.5,306.5
0416,776.5,272.5
0416,610.5,423.5
0416,737.5,270.5
0416,725.5,390.5
0416,620.5,284.5
0416,698.5,248.5
0416,668.5,266.5
0416,754.5,325.5
0420,628.5,332.5
0420,657.5,312.5
0420,694.5,309.5
0420,719.5,367.5
0420,697.5,244.5
0420,602.5,312.5
0420,715.5,289.5
0420,742.5,338.5
0420,774.5,278.5
0420,742.5,249.5
0420,772.5,325.5
0420,612.5,371.5
0420,680.5,266.5
0420,748.5,300.5
0420,800.5,343.5
0422,733.5,350.5
0422,626.5,353.5
0422,709.5,297.5
0422,660.5,326.5
0422,602.5,310.5
0422,729.5,280.5
0422,755.5,292.5
0422,728.5,246.5
0422,752.5,322.5
0422,776.5,308.5
0422,786.5,279.5
0422,628.5,318.5
0422,695.5,243.5
0422,676.5,273.5
0422,769.5,365.5
0423,755.5,318.5
0423,739.5,343.5
0423,698.5,242.5
0423,630.5,314.5
0423,697.5,292.5
0423,759.5,369.5
0423,787.5,312.5
0423,658.5,276.5
0423,598.5,314.5
0423,660.5,326.5
0423,752.5,288.5
0423,639.5,346.5
0423,727.5,249.5
0423,784.5,280.5
0423,726.5,281.5
0426,678.5,307.5
0426,748.5,432.5
0426,601.5,310.5
0426,730.5,253.5
0426,631.5,290.5
0426,631.5,340.5
0426,739.5,283.5
0426,786.5,284.5
0426,708.5,278.5
0426,691.5,351.5
0426,698.5,243.5
0426,765.5,305.5
0426,731.5,342.5
0426,645.5,264.5
0426,764.5,264.5
0430,639.5,275.5
0430,749.5,339.5
0430,677.5,248.5
0430,725.5,316.5
0430,735.5,275.5
0430,813.5,324.5
0430,737.5,460.5
0430,606.5,346.5
0430,774.5,423.5
0430,723.5,245.5
0430,761.5,302.5
0430,699.5,270.5
0430,596.5,316.5
0430,677.5,292.5
0430,764.5,267.5
0431,639.5,273.5
0431,781.5,413.5
0431,686.5,243.5
0431,728.5,247.5
0431,610.5,345.5
0431,665.5,289.5
0431,756.5,349.5
0431,811.5,331.5
0431,595.5,322.5
0431,774.5,269.5
0431,702.5,269.5
0431,737.5,310.5
0431,741.5,280.5
0431,731.5,455.5
0431,765.5,301.5
0432,691.5,243.5
0432,814.5,340.5
0432,650.5,289.5
0432,740.5,278.5
0432,773.5,267.5
0432,618.5,344.5
0432,777.5,393.5
0432,627.5,276.5
0432,770.5,302.5
0432,707.5,272.5
0432,733.5,249.5
0432,764.5,358.5
0432,594.5,329.5
0432,737.5,307.5
0432,726.5,441.5
0433,769.5,392.5
0433,780.5,268.5
0433,692.5,241.5
0433,622.5,344.5
0433,626.5,273.5
0433,733.5,433.5
0433,771.5,298.5
0433,709.5,272.5
0433,772.5,360.5
0433,813.5,356.5
0433,741.5,251.5
0433,591.5,335.5
0433,742.5,311.5
0433,649.5,293.5
0433,747.5,283.5
0435,630.5,280.5
0435,636.5,314.5
0435,588.5,342.5
0435,614.5,365.5
0435,752.5,280.5
0435,775.5,382.5
0435,742.5,248.5
0435,735.5,399.5
0435,713.5,275.5
0435,785.5,276.5
0435,760.5,440.5
0435,692.5,243.5
0435,788.5,318.5
0435,764.5,309.5
0435,811.5,380.5
0436,768.5,437.5
0436,807.5,315.5
0436,610.5,370.5
0436,744.5,250.5
0436,735.5,418.5
0436,693.5,244.5
0436,588.5,343.5
0436,647.5,277.5
0436,787.5,282.5
0436,644.5,321.5
0436,755.5,280.5
0436,809.5,390.5
0436,769.5,390.5
0436,764.5,307.5
0436,725.5,274.5
0437,674.5,281.5
0437,804.5,312.5
0437,807.5,396.5
0437,762.5,400.5
0437,786.5,433.5
0437,749.5,256.5
0437,767.5,313.5
0437,759.5,284.5
0437,735.5,429.5
0437,790.5,284.5
0437,695.5,247.5
0437,592.5,345.5
0437,612.5,388.5
0437,655.5,317.5
0437,716.5,273.5
0439,710.5,294.5
0439,775.5,318.5
0439,713.5,256.5
0439,796.5,417.5
0439,788.5,287.5
0439,810.5,389.5
0439,756.5,287.5
0439,739.5,465.5
0439,591.5,344.5
0439,656.5,290.5
0439,746.5,258.5
0439,753.5,409.5
0439,627.5,418.5
0439,664.5,260.5
0439,803.5,313.5
0440,776.5,317.5
0440,812.5,382.5
0440,800.5,411.5
0440,805.5,312.5
0440,589.5,351.5
0440,790.5,285.5
0440,731.5,302.5
0440,743.5,257.5
0440,647.5,260.5
0440,756.5,286.5
0440,736.5,465.5
0440,644.5,420.5
0440,709.5,244.5
0440,662.5,290.5
0440,749.5,398.5
0447,674.5,257.5
0447,707.5,241.5
0447,737.5,464.5
0447,778.5,273.5
0447,813.5,328.5
0447,591.5,377.5
0447,768.5,311.5
0447,637.5,266.5
0447,759.5,422.5
0447,782.5,339.5
0447,645.5,386.5
0447,753.5,257.5
0447,785.5,410.5
0447,730.5,289.5
0447,801.5,298.5
0449,749.5,437.5
0449,799.5,298.5
0449,639.5,264.5
0449,618.5,287.5
0449,737.5,464.5
0449,649.5,407.5
0449,769.5,320.5
0449,594.5,387.5
0449,785.5,348.5
0449,713.5,247.5
0449,748.5,254.5
0449,813.5,333.5
0449,788.5,382.5
0449,775.5,268.5
0449,725.5,281.5
0450,649.5,421.5
0450,810.5,330.5
0450,794.5,301.5
0450,613.5,303.5
0450,773.5,270.5
0450,783.5,346.5
0450,715.5,283.5
0450,638.5,287.5
0450,759.5,313.5
0450,727.5,466.5
0450,745.5,257.5
0450,594.5,393.5
0450,746.5,441.5
0450,798.5,374.5
0450,716.5,248.5
0451,744.5,323.5
0451,649.5,411.5
0451,796.5,292.5
0451,811.5,322.5
0451,756.5,447.5
0451,802.5,366.5
0451,726.5,466.5
0451,606.5,303.5
0451,784.5,341.5
0451,738.5,251.5
0451,597.5,396.5
0451,773.5,267.5
0451,711.5,299.5
0451,706.5,245.5
0451,638.5,304.5
0452,797.5,303.5
0452,651.5,314.5
0452,781.5,341.5
0452,615.5,301.5
0452,717.5,302.5
0452,696.5,243.5
0452,736.5,247.5
0452,600.5,403.5
0452,813.5,334.5
0452,728.5,335.5
0452,807.5,363.5
0452,749.5,457.5
0452,762.5,264.5
0452,720.5,468.5
0452,651.5,399.5
0453,766.5,263.5
0453,730.5,298.5
0453,801.5,305.5
0453,600.5,407.5
0453,812.5,339.5
0453,668.5,319.5
0453,702.5,338.5
0453,634.5,291.5
0453,689.5,250.5
0453,658.5,380.5
0453,711.5,466.5
0453,745.5,461.5
0453,806.5,368.5
0453,778.5,345.5
0453,732.5,250.5
0454,688.5,339.5
0454,703.5,468.5
0454,679.5,310.5
0454,777.5,351.5
0454,664.5,368.5
0454,682.5,255.5
0454,666.5,281.5
0454,774.5,271.5
0454,738.5,464.5
0454,602.5,411.5
0454,798.5,373.5
0454,800.5,304.5
0454,817.5,345.5
0454,727.5,248.5
0454,738.5,301.5
0456,769.5,266.5
0456,692.5,466.5
0456,814.5,357.5
0456,676.5,283.5
0456,737.5,464.5
0456,661.5,367.5
0456,696.5,308.5
0456,773.5,352.5
0456,607.5,415.5
0456,777.5,382.5
0456,675.5,250.5
0456,759.5,294.5
0456,800.5,306.5
0456,668.5,325.5
0456,707.5,247.5
0457,786.5,353.5
0457,742.5,464.5
0457,702.5,244.5
0457,671.5,359.5
0457,665.5,307.5
0457,815.5,350.5
0457,676.5,277.5
0457,607.5,418.5
0457,689.5,468.5
0457,773.5,266.5
0457,807.5,310.5
0457,671.5,246.5
0457,765.5,296.5
0457,763.5,386.5
0457,705.5,301.5
0459,694.5,273.5
0459,716.5,295.5
0459,669.5,289.5
0459,740.5,463.5
0459,772.5,266.5
0459,797.5,297.5
0459,669.5,254.5
0459,700.5,243.5
0459,669.5,465.5
0459,809.5,325.5
0459,608.5,422.5
0459,734.5,367.5
0459,766.5,302.5
0459,699.5,363.5
0459,796.5,374.5
0460,805.5,373.5
0460,767.5,310.5
0460,606.5,418.5
0460,661.5,256.5
0460,690.5,242.5
0460,765.5,264.5
0460,786.5,285.5
0460,807.5,311.5
0460,735.5,359.5
0460,744.5,464.5
0460,704.5,356.5
0460,695.5,273.5
0460,662.5,459.5
0460,719.5,295.5
0460,668.5,292.5
0465,687.5,245.5
0465,687.5,276.5
0465,620.5,318.5
0465,769.5,366.5
0465,712.5,470.5
0465,663.5,449.5
0465,616.5,430.5
0465,769.5,329.5
0465,729.5,252.5
0465,753.5,299.5
0465,700.5,334.5
0465,639.5,265.5
0465,720.5,300.5
0465,814.5,347.5
0465,757.5,269.5
0466,666.5,440.5
0466,690.5,245.5
0466,607.5,318.5
0466,695.5,471.5
0466,699.5,347.5
0466,754.5,381.5
0466,764.5,302.5
0466,636.5,266.5
0466,754.5,336.5
0466,813.5,345.5
0466,724.5,251.5
0466,691.5,276.5
0466,729.5,295.5
0466,617.5,433.5
0466,759.5,269.5
0467,621.5,437.5
0467,701.5,244.5
0467,732.5,247.5
0467,814.5,345.5
0467,734.5,399.5
0467,597.5,317.5
0467,688.5,469.5
0467,768.5,300.5
0467,657.5,424.5
0467,758.5,268.5
0467,730.5,338.5
0467,732.5,288.5
0467,678.5,352.5
0467,700.5,282.5
0467,640.5,264.5
0468,677.5,468.5
0468,646.5,420.5
0468,719.5,415.5
0468,735.5,249.5
0468,698.5,276.5
0468,814.5,346.5
0468,596.5,317.5
0468,629.5,444.5
0468,767.5,268.5
0468,645.5,260.5
0468,711.5,343.5
0468,679.5,360.5
0468,704.5,246.5
0468,731.5,285.5
0468,768.5,305.5
0470,746.5,257.5
0470,668.5,463.5
0470,595.5,325.5
0470,784.5,278.5
0470,704.5,290.5
0470,656.5,256.5
0470,711.5,243.5
0470,695.5,446.5
0470,636.5,421.5
0470,641.5,454.5
0470,689.5,355.5
0470,815.5,357.5
0470,686.5,266.5
0470,678.5,389.5
0470,753.5,324.5
0471,665.5,459.5
0471,688.5,271.5
0471,749.5,252.5
0471,637.5,453.5
0471,703.5,244.5
0471,696.5,468.5
0471,789.5,285.5
0471,671.5,403.5
0471,596.5,331.5
0471,814.5,362.5
0471,677.5,356.5
0471,650.5,422.5
0471,738.5,336.5
0471,660.5,253.5
0471,704.5,297.5
0473,592.5,337.5
0473,680.5,279.5
0473,788.5,288.5
0473,626.5,442.5
0473,717.5,366.5
0473,702.5,467.5
0473,766.5,263.5
0473,655.5,395.5
0473,712.5,296.5
0473,705.5,256.5
0473,811.5,357.5
0473,664.5,460.5
0473,682.5,351.5
0473,663.5,248.5
0473,680.5,419.5
0475,591.5,346.5
0475,672.5,444.5
0475,650.5,377.5
0475,727.5,467.5
0475,777.5,290.5
0475,707.5,282.5
0475,765.5,261.5
0475,730.5,299.5
0475,812.5,332.5
0475,702.5,402.5
0475,682.5,330.5
0475,678.5,246.5
0475,676.5,278.5
0475,711.5,371.5
0475,622.5,444.5
0476,601.5,341.5
0476,674.5,276.5
0476,706.5,398.5
0476,759.5,257.5
0476,622.5,440.5
0476,731.5,465.5
0476,738.5,301.5
0476,678.5,247.5
0476,662.5,372.5
0476,711.5,366.5
0476,803.5,312.5
0476,682.5,444.5
0476,704.5,290.5
0476,767.5,291.5
0476,669.5,327.5
0477,714.5,390.5
0477,668.5,277.5
0477,633.5,445.5
0477,619.5,331.5
0477,772.5,296.5
0477,687.5,243.5
0477,741.5,302.5
0477,689.5,449.5
0477,706.5,361.5
0477,757.5,257.5
0477,800.5,302.5
0477,654.5,344.5
0477,696.5,288.5
0477,729.5,464.5
0477,665.5,380.5
0479,626.5,325.5
0479,665.5,436.5
0479,670.5,357.5
0479,659.5,387.5
0479,707.5,450.5
0479,689.5,241.5
0479,742.5,250.5
0479,658.5,269.5
0479,701.5,343.5
0479,732.5,466.5
0479,762.5,312.5
0479,714.5,373.5
0479,790.5,289.5
0479,684.5,273.5
0479,718.5,279.5
0480,611.5,320.5
0480,734.5,251.5
0480,712.5,449.5
0480,640.5,394.5
0480,676.5,362.5
0480,688.5,426.5
0480,780.5,288.5
0480,755.5,335.5
0480,710.5,367.5
0480,739.5,461.5
0480,699.5,243.5
0480,696.5,338.5
0480,650.5,258.5
0480,677.5,270.5
0480,710.5,275.5
0481,698.5,413.5
0481,704.5,363.5
0481,777.5,272.5
0481,734.5,247.5
0481,699.5,243.5
0481,625.5,398.5
0481,649.5,260.5
0481,715.5,447.5
0481,601.5,310.5
0481,670.5,373.5
0481,671.5,281.5
0481,760.5,359.5
0481,695.5,328.5
0481,708.5,284.5
0481,742.5,465.5
0482,600.5,311.5
0482,698.5,369.5
0482,698.5,244.5
0482,709.5,302.5
0482,668.5,390.5
0482,675.5,295.5
0482,746.5,462.5
0482,766.5,271.5
0482,767.5,378.5
0482,734.5,252.5
0482,608.5,397.5
0482,696.5,328.5
0482,719.5,448.5
0482,652.5,258.5
0482,718.5,394.5
0484,716.5,449.5
0484,739.5,249.5
0484,793.5,414.5
0484,707.5,247.5
0484,597.5,317.5
0484,600.5,384.5
0484,692.5,391.5
0484,698.5,341.5
0484,686.5,317.5
0484,765.5,268.5
0484,735.5,366.5
0484,746.5,296.5
0484,663.5,424.5
0484,749.5,461.5
0484,679.5,265.5
0487,801.5,412.5
0487,707.5,468.5
0487,722.5,322.5
0487,596.5,322.5
0487,634.5,399.5
0487,706.5,363.5
0487,657.5,305.5
0487,700.5,266.5
0487,733.5,287.5
0487,776.5,270.5
0487,641.5,453.5
0487,735.5,357.5
0487,737.5,459.5
0487,591.5,357.5
0487,730.5,251.5
0488,589.5,354.5
0488,805.5,404.5
0488,643.5,454.5
0488,694.5,259.5
0488,637.5,306.5
0488,773.5,269.5
0488,611.5,394.5
0488,735.5,464.5
0488,699.5,367.5
0488,727.5,280.5
0488,730.5,369.5
0488,725.5,314.5
0488,594.5,325.5
0488,723.5,247.5
0488,705.5,469.5
0489,596.5,389.5
0489,728.5,277.5
0489,724.5,389.5
0489,772.5,268.5
0489,807.5,398.5
0489,607.5,296.5
0489,686.5,247.5
0489,589.5,358.5
0489,715.5,247.5
0489,706.5,469.5
0489,695.5,378.5
0489,731.5,308.5
0489,647.5,452.5
0489,738.5,464.5
0489,597.5,327.5
0490,596.5,387.5
0490,597.5,328.5
0490,590.5,358.5
0490,695.5,389.5
0490,739.5,270.5
0490,741.5,463.5
0490,654.5,459.5
0490,685.5,246.5
0490,708.5,469.5
0490,718.5,406.5
0490,737.5,302.5
0490,608.5,299.5
0490,807.5,393.5
0490,722.5,247.5
0490,775.5,276.5
0491,811.5,388.5
0491,709.5,468.5
0491,591.5,356.5
0491,712.5,416.5
0491,745.5,294.5
0491,727.5,246.5
0491,694.5,244.5
0491,597.5,328.5
0491,595.5,387.5
0491,737.5,449.5
0491,610.5,296.5
0491,694.5,386.5
0491,674.5,457.5
0491,748.5,266.5
0491,788.5,286.5
0492,594.5,385.5
0492,588.5,355.5
0492,763.5,269.5
0492,704.5,249.5
0492,684.5,389.5
0492,734.5,438.5
0492,596.5,328.5
0492,707.5,421.5
0492,794.5,294.5
0492,714.5,459.5
0492,733.5,251.5
0492,618.5,295.5
0492,684.5,448.5
0492,811.5,375.5
0492,745.5,294.5
0493,594.5,382.5
0493,718.5,453.5
0493,710.5,421.5
0493,740.5,250.5
0493,597.5,320.5
0493,679.5,393.5
0493,737.5,423.5
0493,810.5,361.5
0493,797.5,299.5
0493,678.5,428.5
0493,625.5,292.5
0493,589.5,351.5
0493,744.5,280.5
0493,773.5,272.5
0493,692.5,244.5
0494,798.5,295.5
0494,604.5,322.5
0494,733.5,246.5
0494,593.5,381.5
0494,712.5,416.5
0494,633.5,293.5
0494,666.5,415.5
0494,681.5,389.5
0494,777.5,269.5
0494,746.5,280.5
0494,589.5,351.5
0494,789.5,345.5
0494,744.5,419.5
0494,690.5,244.5
0494,716.5,450.5
0496,609.5,363.5
0496,630.5,329.5
0496,712.5,442.5
0496,769.5,318.5
0496,802.5,305.5
0496,592.5,337.5
0496,681.5,377.5
0496,756.5,288.5
0496,640.5,418.5
0496,730.5,414.5
0496,646.5,302.5
0496,664.5,257.5
0496,734.5,256.5
0496,749.5,393.5
0496,785.5,281.5
0498,627.5,353.5
0498,743.5,363.5
0498,719.5,420.5
0498,802.5,304.5
0498,617.5,432.5
0498,683.5,384.5
0498,642.5,312.5
0498,727.5,254.5
0498,754.5,394.5
0498,664.5,348.5
0498,745.5,283.5
0498,598.5,320.5
0498,666.5,270.5
0498,772.5,268.5
0498,752.5,254.5
0501,642.5,376.5
0501,777.5,274.5
0501,797.5,295.5
0501,746.5,265.5
0501,718.5,292.5
0501,655.5,406.5
0501,708.5,416.5
0501,605.5,412.5
0501,687.5,299.5
0501,758.5,400.5
0501,601.5,310.5
0501,635.5,301.5
0501,738.5,318.5
0501,706.5,246.5
0501,791.5,337.5
0503,675.5,312.5
0503,750.5,261.5
0503,627.5,437.5
0503,714.5,270.5
0503,600.5,403.5
0503,605.5,300.5
0503,731.5,444.5
0503,796.5,295.5
0503,632.5,315.5
0503,686.5,245.5
0503,779.5,268.5
0503,773.5,401.5
0503,772.5,319.5
0503,718.5,302.5
0503,673.5,399.5
0504,751.5,262.5
0504,745.5,458.5
0504,764.5,407.5
0504,625.5,440.5
0504,680.5,335.5
0504,764.5,311.5
0504,681.5,422.5
0504,684.5,246.5
0504,604.5,302.5
0504,778.5,273.5
0504,722.5,262.5
0504,595.5,392.5
0504,634.5,306.5
0504,796.5,294.5
0504,703.5,292.5
0505,624.5,437.5
0505,638.5,300.5
0505,781.5,273.5
0505,688.5,448.5
0505,761.5,411.5
0505,592.5,384.5
0505,683.5,358.5
0505,605.5,300.5
0505,671.5,253.5
0505,723.5,260.5
0505,766.5,303.5
0505,797.5,298.5
0505,698.5,289.5
0505,747.5,457.5
0505,754.5,259.5
0507,625.5,416.5
0507,701.5,470.5
0507,740.5,393.5
0507,599.5,402.5
0507,606.5,298.5
0507,672.5,262.5
0507,673.5,391.5
0507,741.5,272.5
0507,762.5,301.5
0507,636.5,298.5
0507,774.5,268.5
0507,751.5,454.5
0507,793.5,295.5
0507,717.5,254.5
0507,698.5,281.5
0508,636.5,419.5
0508,737.5,385.5
0508,767.5,262.5
0508,635.5,290.5
0508,678.5,404.5
0508,705.5,470.5
0508,716.5,249.5
0508,761.5,296.5
0508,701.5,279.5
0508,604.5,415.5
0508,605.5,298.5
0508,737.5,271.5
0508,790.5,292.5
0508,671.5,263.5
0508,746.5,455.5
0509,608.5,423.5
0509,676.5,262.5
0509,640.5,425.5
0509,606.5,299.5
0509,726.5,244.5
0509,708.5,278.5
0509,792.5,287.5
0509,639.5,288.5
0509,702.5,470.5
0509,741.5,449.5
0509,768.5,262.5
0509,679.5,415.5
0509,741.5,369.5
0509,759.5,294.5
0509,736.5,273.5
0510,739.5,271.5
0510,711.5,470.5
0510,728.5,245.5
0510,752.5,362.5
0510,683.5,261.5
0510,790.5,284.5
0510,650.5,424.5
0510,710.5,279.5
0510,608.5,298.5
0510,682.5,412.5
0510,760.5,295.5
0510,639.5,298.5
0510,617.5,419.5
0510,769.5,265.5
0510,747.5,442.5
0512,748.5,294.5
0512,796.5,295.5
0512,646.5,295.5
0512,636.5,420.5
0512,682.5,272.5
0512,719.5,248.5
0512,744.5,462.5
0512,773.5,270.5
0512,743.5,341.5
0512,715.5,281.5
0512,757.5,437.5
0512,626.5,390.5
0512,745.5,252.5
0512,612.5,287.5
0512,701.5,405.5
0514,743.5,315.5
0514,628.5,274.5
0514,737.5,283.5
0514,597.5,387.5
0514,670.5,273.5
0514,780.5,414.5
0514,690.5,244.5
0514,658.5,300.5
0514,747.5,254.5
0514,713.5,270.5
0514,775.5,266.5
0514,778.5,299.5
0514,634.5,355.5
0514,748.5,435.5
0514,720.5,418.5
0516,591.5,366.5
0516,757.5,332.5
0516,737.5,247.5
0516,777.5,301.5
0516,680.5,332.5
0516,657.5,255.5
0516,757.5,414.5
0516,719.5,275.5
0516,629.5,277.5
0516,690.5,272.5
0516,783.5,387.5
0516,662.5,357.5
0516,669.5,297.5
0516,734.5,436.5
0516,768.5,267.5
0517,719.5,245.5
0517,674.5,307.5
0517,616.5,280.5
0517,643.5,261.5
0517,592.5,361.5
0517,680.5,265.5
0517,749.5,444.5
0517,765.5,340.5
0517,771.5,269.5
0517,783.5,381.5
0517,687.5,336.5
0517,669.5,366.5
0517,750.5,398.5
0517,710.5,273.5
0517,767.5,304.5
0520,705.5,389.5
0520,642.5,275.5
0520,670.5,307.5
0520,785.5,287.5
0520,696.5,242.5
0520,587.5,358.5
0520,664.5,253.5
0520,763.5,346.5
0520,776.5,318.5
0520,761.5,390.5
0520,703.5,339.5
0520,667.5,340.5
0520,726.5,467.5
0520,685.5,274.5
0520,615.5,300.5
0521,635.5,267.5
0521,591.5,368.5
0521,786.5,321.5
0521,688.5,271.5
0521,674.5,249.5
0521,713.5,473.5
0521,694.5,343.5
0521,685.5,380.5
0521,618.5,295.5
0521,665.5,337.5
0521,762.5,342.5
0521,677.5,306.5
0521,790.5,291.5
0521,702.5,245.5
0521,748.5,402.5
0522,771.5,339.5
0522,593.5,378.5
0522,683.5,303.5
0522,668.5,373.5
0522,689.5,271.5
0522,675.5,248.5
0522,694.5,341.5
0522,703.5,245.5
0522,793.5,291.5
0522,663.5,338.5
0522,620.5,295.5
0522,634.5,264.5
0522,698.5,466.5
0522,803.5,331.5
0522,734.5,405.5
0523,594.5,385.5
0523,650.5,370.5
0523,812.5,337.5
0523,799.5,301.5
0523,713.5,250.5
0523,659.5,335.5
0523,645.5,272.5
0523,694.5,467.5
0523,776.5,338.5
0523,677.5,247.5
0523,617.5,292.5
0523,687.5,302.5
0523,690.5,274.5
0523,696.5,335.5
0523,734.5,396.5
0525,598.5,397.5
0525,780.5,331.5
0525,693.5,304.5
0525,815.5,344.5
0525,681.5,244.5
0525,605.5,301.5
0525,652.5,331.5
0525,652.5,294.5
0525,703.5,451.5
0525,697.5,338.5
0525,678.5,276.5
0525,745.5,397.5
0525,792.5,290.5
0525,711.5,255.5
0525,603.5,353.5
0526,594.5,361.5
0526,690.5,304.5
0526,640.5,303.5
0526,780.5,289.5
0526,658.5,276.5
0526,599.5,401.5
0526,779.5,337.5
0526,695.5,344.5
0526,711.5,450.5
0526,604.5,303.5
0526,653.5,332.5
0526,813.5,336.5
0526,712.5,260.5
0526,685.5,247.5
0526,742.5,402.5
0528,595.5,363.5
0528,597.5,395.5
0528,626.5,307.5
0528,708.5,274.5
0528,643.5,346.5
0528,653.5,293.5
0528,691.5,245.5
0528,787.5,343.5
0528,777.5,297.5
0528,731.5,403.5
0528,719.5,439.5
0528,600.5,315.5
0528,801.5,317.5
0528,679.5,307.5
0528,690.5,339.5
0533,594.5,330.5
0533,807.5,318.5
0533,735.5,313.5
0533,644.5,333.5
0533,594.5,388.5
0533,653.5,414.5
0533,710.5,431.5
0533,627.5,385.5
0533,686.5,245.5
0533,779.5,281.5
0533,674.5,286.5
0533,689.5,314.5
0533,674.5,355.5
0533,757.5,258.5
0533,608.5,362.5
0539,621.5,373.5
0539,783.5,279.5
0539,675.5,335.5
0539,696.5,308.5
0539,700.5,372.5
0539,603.5,406.5
0539,765.5,308.5
0539,595.5,324.5
0539,622.5,338.5
0539,760.5,259.5
0539,617.5,301.5
0539,647.5,421.5
0539,712.5,242.5
0539,745.5,334.5
0539,731.5,454.5
0541,690.5,312.5
0541,725.5,271.5
0541,676.5,343.5
0541,633.5,381.5
0541,775.5,275.5
0541,739.5,422.5
0541,594.5,329.5
0541,751.5,297.5
0541,619.5,349.5
0541,659.5,435.5
0541,613.5,299.5
0541,605.5,393.5
0541,750.5,332.5
0541,751.5,253.5
0541,737.5,359.5
0542,625.5,388.5
0542,594.5,385.5
0542,757.5,295.5
0542,681.5,353.5
0542,744.5,353.5
0542,777.5,271.5
0542,670.5,440.5
0542,752.5,326.5
0542,614.5,359.5
0542,605.5,302.5
0542,688.5,307.5
0542,744.5,252.5
0542,594.5,334.5
0542,728.5,279.5
0542,728.5,418.5
0543,769.5,297.5
0543,735.5,290.5
0543,622.5,393.5
0543,746.5,351.5
0543,741.5,321.5
0543,592.5,384.5
0543,682.5,357.5
0543,766.5,266.5
0543,615.5,361.5
0543,671.5,321.5
0543,594.5,338.5
0543,684.5,441.5
0543,718.5,424.5
0543,733.5,258.5
0543,605.5,306.5
0546,626.5,369.5
0546,712.5,308.5
0546,763.5,298.5
0546,683.5,416.5
0546,593.5,370.5
0546,611.5,397.5
0546,642.5,310.5
0546,761.5,259.5
0546,599.5,309.5
0546,684.5,360.5
0546,706.5,444.5
0546,789.5,289.5
0546,717.5,361.5
0546,592.5,338.5
0546,732.5,251.5
0548,700.5,314.5
0548,591.5,379.5
0548,752.5,260.5
0548,594.5,320.5
0548,627.5,398.5
0548,656.5,403.5
0548,765.5,299.5
0548,590.5,345.5
0548,728.5,394.5
0548,718.5,242.5
0548,621.5,360.5
0548,797.5,296.5
0548,706.5,343.5
0548,755.5,452.5
0548,620.5,302.5
0549,621.5,363.5
0549,657.5,398.5
0549,627.5,392.5
0549,738.5,404.5
0549,591.5,347.5
0549,591.5,385.5
0549,711.5,243.5
0549,619.5,286.5
0549,745.5,262.5
0549,763.5,455.5
0549,596.5,318.5
0549,764.5,295.5
0549,700.5,322.5
0549,720.5,365.5
0549,797.5,294.5
0550,618.5,365.5
0550,626.5,391.5
0550,756.5,413.5
0550,590.5,346.5
0550,596.5,316.5
0550,764.5,452.5
0550,799.5,295.5
0550,592.5,382.5
0550,712.5,244.5
0550,727.5,379.5
0550,660.5,387.5
0550,765.5,283.5
0550,617.5,288.5
0550,707.5,328.5
0550,740.5,261.5
0552,616.5,359.5
0552,631.5,384.5
0552,732.5,261.5
0552,764.5,423.5
0552,763.5,262.5
0552,590.5,343.5
0552,794.5,290.5
0552,759.5,455.5
0552,592.5,383.5
0552,598.5,309.5
0552,701.5,242.5
0552,717.5,399.5
0552,657.5,366.5
0552,735.5,316.5
0552,632.5,281.5
0555,619.5,353.5
0555,591.5,342.5
0555,592.5,377.5
0555,625.5,279.5
0555,768.5,329.5
0555,613.5,399.5
0555,608.5,308.5
0555,684.5,246.5
0555,762.5,288.5
0555,758.5,446.5
0555,649.5,347.5
0555,746.5,391.5
0555,794.5,426.5
0555,739.5,256.5
0555,793.5,300.5
0557,788.5,340.5
0557,591.5,373.5
0557,633.5,355.5
0557,779.5,442.5
0557,592.5,344.5
0557,739.5,397.5
0557,609.5,417.5
0557,659.5,332.5
0557,748.5,263.5
0557,804.5,310.5
0557,615.5,306.5
0557,775.5,306.5
0557,752.5,442.5
0557,666.5,259.5
0557,647.5,296.5
0558,783.5,436.5
0558,807.5,318.5
0558,654.5,292.5
0558,733.5,396.5
0558,617.5,304.5
0558,741.5,280.5
0558,648.5,354.5
0558,669.5,329.5
0558,671.5,264.5
0558,779.5,306.5
0558,609.5,418.5
0558,592.5,374.5
0558,790.5,340.5
0558,592.5,343.5
0558,753.5,436.5
0559,689.5,259.5
0559,592.5,342.5
0559,653.5,290.5
0559,685.5,335.5
0559,620.5,299.5
0559,720.5,415.5
0559,660.5,347.5
0559,803.5,309.5
0559,733.5,289.5
0559,591.5,371.5
0559,608.5,417.5
0559,753.5,431.5
0559,775.5,296.5
0559,794.5,422.5
0559,787.5,342.5
0560,697.5,338.5
0560,663.5,286.5
0560,777.5,293.5
0560,763.5,418.5
0560,591.5,368.5
0560,717.5,301.5
0560,804.5,407.5
0560,627.5,296.5
0560,591.5,333.5
0560,610.5,419.5
0560,806.5,311.5
0560,663.5,324.5
0560,706.5,259.5
0560,691.5,427.5
0560,793.5,347.5
0562,674.5,308.5
0562,805.5,308.5
0562,706.5,306.5
0562,797.5,340.5
0562,643.5,282.5
0562,597.5,318.5
0562,786.5,282.5
0562,717.5,335.5
0562,695.5,275.5
0562,809.5,391.5
0562,607.5,417.5
0562,636.5,416.5
0562,725.5,250.5
0562,765.5,394.5
0562,589.5,350.5
0563,761.5,369.5
0563,722.5,333.5
0563,803.5,301.5
0563,812.5,374.5
0563,652.5,260.5
0563,701.5,306.5
0563,590.5,345.5
0563,790.5,332.5
0563,701.5,267.5
0563,720.5,245.5
0563,781.5,276.5
0563,604.5,414.5
0563,604.5,307.5
0563,635.5,405.5
0563,666.5,290.5
0564,690.5,312.5
0564,590.5,331.5
0564,695.5,269.5
0564,815.5,362.5
0564,605.5,416.5
0564,797.5,295.5
0564,714.5,245.5
0564,667.5,283.5
0564,803.5,327.5
0564,617.5,386.5
0564,654.5,255.5
0564,758.5,341.5
0564,774.5,272.5
0564,607.5,299.5
0564,733.5,327.5
0565,771.5,325.5
0565,795.5,292.5
0565,605.5,416.5
0565,768.5,265.5
0565,620.5,369.5
0565,685.5,264.5
0565,740.5,315.5
0565,663.5,285.5
0565,815.5,363.5
0565,811.5,328.5
0565,654.5,256.5
0565,716.5,244.5
0565,611.5,297.5
0565,594.5,325.5
0565,680.5,326.5
0566,668.5,328.5
0566,655.5,254.5
0566,767.5,264.5
0566,791.5,284.5
0566,729.5,256.5
0566,646.5,292.5
0566,614.5,299.5
0566,595.5,319.5
0566,609.5,423.5
0566,617.5,348.5
0566,740.5,306.5
0566,775.5,316.5
0566,816.5,356.5
0566,688.5,251.5
0566,810.5,325.5
0568,773.5,328.5
0568,806.5,311.5
0568,621.5,353.5
0568,670.5,311.5
0568,680.5,247.5
0568,766.5,267.5
0568,598.5,329.5
0568,611.5,295.5
0568,712.5,248.5
0568,742.5,289.5
0568,779.5,295.5
0568,640.5,307.5
0568,742.5,253.5
0568,814.5,341.5
0568,619.5,434.5
0569,804.5,308.5
0569,680.5,249.5
0569,678.5,304.5
0569,632.5,441.5
0569,814.5,338.5
0569,604.5,328.5
0569,743.5,251.5
0569,618.5,364.5
0569,713.5,250.5
0569,609.5,300.5
0569,648.5,306.5
0569,778.5,329.5
0569,775.5,297.5
0569,770.5,265.5
0569,735.5,289.5
0570,611.5,331.5
0570,652.5,294.5
0570,682.5,306.5
0570,777.5,270.5
0570,799.5,305.5
0570,607.5,298.5
0570,683.5,243.5
0570,644.5,435.5
0570,716.5,242.5
0570,743.5,263.5
0570,770.5,300.5
0570,606.5,369.5
0570,780.5,326.5
0570,810.5,334.5
0570,725.5,286.5
0571,660.5,287.5
0571,721.5,241.5
0571,799.5,298.5
0571,684.5,308.5
0571,611.5,337.5
0571,774.5,332.5
0571,778.5,271.5
0571,601.5,376.5
0571,813.5,327.5
0571,606.5,297.5
0571,747.5,264.5
0571,711.5,293.5
0571,764.5,300.5
0571,654.5,417.5
0571,691.5,243.5
0575,808.5,329.5
0575,717.5,271.5
0575,679.5,334.5
0575,779.5,275.5
0575,634.5,268.5
0575,588.5,345.5
0575,716.5,338.5
0575,600.5,315.5
0575,612.5,378.5
0575,759.5,331.5
0575,743.5,401.5
0575,731.5,301.5
0575,706.5,243.5
0575,753.5,266.5
0575,789.5,309.5
0577,602.5,307.5
0577,615.5,332.5
0577,621.5,279.5
0577,757.5,276.5
0577,720.5,358.5
0577,705.5,245.5
0577,804.5,309.5
0577,749.5,327.5
0577,595.5,384.5
0577,788.5,397.5
0577,726.5,306.5
0577,775.5,314.5
0577,651.5,347.5
0577,727.5,260.5
0577,785.5,285.5
0578,801.5,304.5
0578,808.5,395.5
0578,701.5,242.5
0578,772.5,314.5
0578,621.5,287.5
0578,601.5,309.5
0578,751.5,279.5
0578,704.5,310.5
0578,650.5,331.5
0578,785.5,281.5
0578,750.5,334.5
0578,595.5,382.5
0578,725.5,259.5
0578,619.5,333.5
0578,728.5,371.5
0579,624.5,277.5
0579,771.5,317.5
0579,592.5,379.5
0579,691.5,243.5
0579,721.5,267.5
0579,736.5,394.5
0579,617.5,331.5
0579,799.5,300.5
0579,691.5,323.5
0579,745.5,338.5
0579,750.5,260.5
0579,648.5,316.5
0579,603.5,304.5
0579,809.5,391.5
0579,775.5,277.5
0582,644.5,298.5
0582,628.5,272.5
0582,735.5,263.5
0582,593.5,385.5
0582,655.5,367.5
0582,755.5,384.5
0582,608.5,294.5
0582,626.5,332.5
0582,660.5,254.5
0582,774.5,441.5
0582,766.5,264.5
0582,772.5,296.5
0582,701.5,272.5
0582,812.5,378.5
0582,742.5,300.5
0583,749.5,406.5
0583,663.5,388.5
0583,813.5,374.5
0583,601.5,402.5
0583,658.5,255.5
0583,740.5,253.5
0583,769.5,296.5
0583,740.5,283.5
0583,631.5,270.5
0583,625.5,344.5
0583,767.5,262.5
0583,648.5,298.5
0583,775.5,439.5
0583,696.5,265.5
0583,618.5,295.5
0584,649.5,298.5
0584,657.5,405.5
0584,607.5,416.5
0584,766.5,309.5
0584,620.5,348.5
0584,769.5,264.5
0584,697.5,259.5
0584,635.5,267.5
0584,618.5,299.5
0584,659.5,253.5
0584,747.5,420.5
0584,767.5,444.5
0584,810.5,374.5
0584,745.5,284.5
0584,738.5,252.5
0585,649.5,414.5
0585,739.5,292.5
0585,756.5,319.5
0585,753.5,400.5
0585,653.5,297.5
0585,771.5,266.5
0585,611.5,347.5
0585,640.5,265.5
0585,814.5,375.5
0585,615.5,303.5
0585,668.5,251.5
0585,613.5,427.5
0585,698.5,256.5
0585,733.5,249.5
0585,762.5,444.5
0588,744.5,303.5
0588,744.5,265.5
0588,656.5,427.5
0588,716.5,263.5
0588,786.5,277.5
0588,811.5,382.5
0588,675.5,249.5
0588,647.5,305.5
0588,598.5,319.5
0588,648.5,361.5
0588,637.5,264.5
0588,726.5,384.5
0588,626.5,334.5
0588,708.5,335.5
0588,777.5,411.5
0589,722.5,265.5
0589,644.5,262.5
0589,789.5,288.5
0589,647.5,314.5
0589,670.5,250.5
0589,729.5,402.5
0589,782.5,402.5
0589,759.5,261.5
0589,594.5,325.5
0589,653.5,344.5
0589,673.5,440.5
0589,620.5,339.5
0589,812.5,383.5
0589,701.5,325.5
0589,752.5,299.5
0593,766.5,267.5
0593,648.5,317.5
0593,775.5,298.5
0593,800.5,308.5
0593,768.5,357.5
0593,621.5,332.5
0593,735.5,285.5
0593,693.5,245.5
0593,592.5,339.5
0593,727.5,320.5
0593,805.5,400.5
0593,765.5,408.5
0593,663.5,382.5
0593,745.5,463.5
0593,664.5,248.5
0594,806.5,401.5
0594,638.5,313.5
0594,679.5,405.5
0594,746.5,460.5
0594,715.5,326.5
0594,762.5,333.5
0594,603.5,325.5
0594,772.5,403.5
0594,592.5,348.5
0594,750.5,284.5
0594,668.5,251.5
0594,695.5,246.5
0594,805.5,313.5
0594,772.5,268.5
0594,779.5,299.5
0595,631.5,312.5
0595,774.5,269.5
0595,804.5,408.5
0595,690.5,246.5
0595,702.5,324.5
0595,749.5,458.5
0595,776.5,396.5
0595,696.5,426.5
0595,751.5,287.5
0595,809.5,319.5
0595,599.5,315.5
0595,655.5,258.5
0595,590.5,356.5
0595,755.5,320.5
0595,783.5,299.5
0596,647.5,259.5
0596,686.5,311.5
0596,776.5,270.5
0596,780.5,300.5
0596,623.5,309.5
0596,772.5,394.5
0596,718.5,439.5
0596,596.5,321.5
0596,591.5,352.5
0596,802.5,406.5
0596,758.5,452.5
0596,679.5,248.5
0596,750.5,323.5
0596,806.5,320.5
0596,746.5,292.5
0597,808.5,396.5
0597,777.5,273.5
0597,672.5,249.5
0597,736.5,447.5
0597,600.5,329.5
0597,620.5,308.5
0597,776.5,389.5
0597,806.5,325.5
0597,591.5,360.5
0597,740.5,324.5
0597,641.5,263.5
0597,743.5,290.5
0597,670.5,295.5
0597,764.5,443.5
0597,782.5,300.5
0598,622.5,310.5
0598,778.5,273.5
0598,589.5,361.5
0598,809.5,340.5
0598,597.5,325.5
0598,732.5,317.5
0598,741.5,450.5
0598,770.5,381.5
0598,735.5,288.5
0598,629.5,267.5
0598,658.5,286.5
0598,784.5,305.5
0598,808.5,392.5
0598,667.5,250.5
0598,759.5,425.5
0599,628.5,314.5
0599,629.5,271.5
0599,743.5,449.5
0599,590.5,362.5
0599,730.5,315.5
0599,810.5,388.5
0599,779.5,271.5
0599,807.5,356.5
0599,767.5,369.5
0599,736.5,278.5
0599,761.5,425.5
0599,795.5,306.5
0599,674.5,262.5
0599,597.5,317.5
0599,652.5,292.5
0601,640.5,315.5
0601,805.5,310.5
0601,598.5,310.5
0601,755.5,388.5
0601,647.5,278.5
0601,775.5,273.5
0601,667.5,256.5
0601,743.5,268.5
0601,813.5,365.5
0601,783.5,413.5
0601,613.5,286.5
0601,751.5,454.5
0601,725.5,302.5
0601,591.5,358.5
0601,809.5,397.5
0602,650.5,309.5
0602,750.5,388.5
0602,815.5,363.5
0602,751.5,461.5
0602,617.5,295.5
0602,807.5,393.5
0602,668.5,252.5
0602,777.5,400.5
0602,601.5,318.5
0602,741.5,271.5
0602,638.5,275.5
0602,589.5,357.5
0602,723.5,301.5
0602,773.5,269.5
0602,803.5,306.5
0603,625.5,300.5
0603,660.5,301.5
0603,718.5,302.5
0603,774.5,391.5
0603,591.5,359.5
0603,767.5,263.5
0603,594.5,325.5
0603,631.5,271.5
0603,743.5,462.5
0603,669.5,251.5
0603,738.5,271.5
0603,750.5,375.5
0603,813.5,363.5
0603,800.5,301.5
0603,809.5,395.5
