15,703.5,358.5,128.4
0000,657.5,357.5
0000,751.5,357.5
0000,593.5,382.5
0000,688.5,360.5
0000,623.5,338.5
0000,808.5,323.5
0000,810.5,384.5
0000,800.5,415.5
0000,721.5,360.5
0000,816.5,352.5
0000,623.5,372.5
0000,780.5,368.5
0000,594.5,323.5
0000,589.5,354.5
0000,780.5,342.5
0001,657.5,357.5
0001,592.5,381.5
0001,721.5,359.5
0001,802.5,416.5
0001,623.5,338.5
0001,778.5,369.5
0001,808.5,322.5
0001,590.5,356.5
0001,687.5,360.5
0001,811.5,385.5
0001,623.5,371.5
0001,747.5,356.5
0001,781.5,343.5
0001,815.5,354.5
0001,595.5,321.5
0002,657.5,357.5
0002,811.5,385.5
0002,687.5,360.5
0002,808.5,323.5
0002,799.5,415.5
0002,778.5,367.5
0002,594.5,323.5
0002,622.5,370.5
0002,593.5,382.5
0002,780.5,340.5
0002,623.5,341.5
0002,719.5,359.5
0002,751.5,356.5
0002,591.5,355.5
0002,816.5,352.5
0003,808.5,322.5
0003,591.5,383.5
0003,751.5,357.5
0003,801.5,418.5
0003,813.5,384.5
0003,778.5,369.5
0003,721.5,360.5
0003,593.5,324.5
0003,817.5,353.5
0003,686.5,358.5
0003,779.5,342.5
0003,621.5,373.5
0003,589.5,354.5
0003,622.5,313.5
0003,657.5,360.5
0004,594.5,323.5
0004,751.5,357.5
0004,800.5,414.5
0004,657.5,360.5
0004,589.5,354.5
0004,687.5,360.5
0004,622.5,338.5
0004,591.5,380.5
0004,812.5,384.5
0004,622.5,370.5
0004,808.5,322.5
0004,816.5,352.5
0004,722.5,357.5
0004,779.5,368.5
0004,780.5,340.5
0005,591.5,382.5
0005,811.5,385.5
0005,591.5,323.5
0005,657.5,358.5
0005,590.5,355.5
0005,622.5,338.5
0005,780.5,343.5
0005,817.5,352.5
0005,800.5,414.5
0005,808.5,323.5
0005,622.5,370.5
0005,779.5,368.5
0005,686.5,359.5
0005,752.5,355.5
0005,719.5,357.5
0006,657.5,357.5
0006,810.5,386.5
0006,751.5,357.5
0006,686.5,359.5
0006,780.5,368.5
0006,594.5,323.5
0006,803.5,417.5
0006,623.5,370.5
0006,818.5,355.5
0006,624.5,339.5
0006,589.5,354.5
0006,592.5,382.5
0006,809.5,321.5
0006,721.5,360.5
0006,781.5,339.5
0007,811.5,385.5
0007,590.5,355.5
0007,751.5,357.5
0007,658.5,356.5
0007,593.5,384.5
0007,593.5,322.5
0007,624.5,340.5
0007,802.5,416.5
0007,780.5,340.5
0007,780.5,369.5
0007,687.5,360.5
0007,622.5,370.5
0007,720.5,358.5
0007,815.5,354.5
0007,808.5,322.5
0008,623.5,340.5
0008,658.5,356.5
0008,811.5,385.5
0008,686.5,359.5
0008,719.5,358.5
0008,811.5,323.5
0008,623.5,372.5
0008,594.5,383.5
0008,589.5,354.5
0008,815.5,354.5
0008,751.5,357.5
0008,800.5,414.5
0008,595.5,322.5
0008,780.5,340.5
0008,781.5,370.5
0009,657.5,357.5
0009,590.5,380.5
0009,590.5,356.5
0009,811.5,385.5
0009,721.5,360.5
0009,594.5,323.5
0009,811.5,323.5
0009,623.5,340.5
0009,780.5,364.5
0009,684.5,359.5
0009,802.5,415.5
0009,622.5,370.5
0009,780.5,340.5
0009,749.5,355.5
0009,816.5,352.5
0010,657.5,357.5
0010,623.5,338.5
0010,811.5,385.5
0010,780.5,369.5
0010,593.5,382.5
0010,596.5,323.5
0010,721.5,359.5
0010,751.5,357.5
0010,687.5,360.5
0010,589.5,354.5
0010,623.5,371.5
0010,817.5,351.5
0010,780.5,341.5
0010,808.5,322.5
0010,799.5,415.5
0011,686.5,359.5
0011,657.5,357.5
0011,623.5,340.5
0011,811.5,385.5
0011,593.5,382.5
0011,816.5,350.5
0011,780.5,342.5
0011,799.5,413.5
0011,589.5,354.5
0011,779.5,366.5
0011,624.5,371.5
0011,809.5,325.5
0011,594.5,323.5
0011,750.5,356.5
0011,721.5,360.5
0012,657.5,357.5
0012,595.5,322.5
0012,811.5,385.5
0012,624.5,340.5
0012,623.5,372.5
0012,778.5,371.5
0012,799.5,415.5
0012,591.5,355.5
0012,687.5,360.5
0012,594.5,382.5
0012,778.5,340.5
0012,817.5,355.5
0012,719.5,361.5
0012,809.5,324.5
0012,750.5,357.5
0013,657.5,357.5
0013,780.5,369.5
0013,687.5,360.5
0013,593.5,382.5
0013,815.5,354.5
0013,591.5,355.5
0013,622.5,338.5
0013,808.5,322.5
0013,799.5,413.5
0013,622.5,370.5
0013,721.5,360.5
0013,750.5,356.5
0013,811.5,386.5
0013,594.5,323.5
0013,778.5,343.5
0014,656.5,357.5
0014,623.5,340.5
0014,811.5,385.5
0014,592.5,382.5
0014,593.5,324.5
0014,623.5,372.5
0014,589.5,354.5
0014,686.5,359.5
0014,799.5,414.5
0014,751.5,357.5
0014,780.5,340.5
0014,720.5,358.5
0014,808.5,322.5
0014,776.5,368.5
0014,813.5,355.5
0015,811.5,385.5
0015,777.5,370.5
0015,798.5,415.5
0015,589.5,354.5
0015,721.5,358.5
0015,623.5,338.5
0015,595.5,322.5
0015,751.5,357.5
0015,808.5,322.5
0015,686.5,360.5
0015,814.5,356.5
0015,624.5,369.5
0015,657.5,358.5
0015,592.5,382.5
0015,782.5,342.5
0016,595.5,323.5
0016,657.5,357.5
0016,809.5,322.5
0016,817.5,355.5
0016,809.5,384.5
0016,721.5,359.5
0016,589.5,353.5
0016,802.5,411.5
0016,624.5,340.5
0016,623.5,372.5
0016,751.5,357.5
0016,594.5,382.5
0016,779.5,343.5
0016,779.5,369.5
0016,687.5,360.5
0017,595.5,322.5
0017,686.5,359.5
0017,721.5,359.5
0017,811.5,384.5
0017,816.5,352.5
0017,657.5,359.5
0017,588.5,354.5
0017,795.5,410.5
0017,808.5,316.5
0017,593.5,382.5
0017,624.5,371.5
0017,622.5,339.5
0017,780.5,340.5
0017,778.5,369.5
0017,751.5,356.5
0021,760.5,385.5
0021,790.5,288.5
0021,654.5,348.5
0021,789.5,365.5
0021,781.5,335.5
0021,625.5,373.5
0021,623.5,339.5
0021,595.5,392.5
0021,593.5,323.5
0021,598.5,354.5
0021,811.5,332.5
0021,759.5,315.5
0021,720.5,358.5
0021,685.5,358.5
0021,751.5,345.5
0022,598.5,399.5
0022,790.5,288.5
0022,811.5,326.5
0022,763.5,311.5
0022,655.5,337.5
0022,625.5,373.5
0022,598.5,355.5
0022,687.5,360.5
0022,594.5,323.5
0022,751.5,344.5
0022,778.5,337.5
0022,621.5,340.5
0022,779.5,369.5
0022,757.5,408.5
0022,722.5,359.5
0023,655.5,335.5
0023,779.5,369.5
0023,624.5,373.5
0023,601.5,391.5
0023,623.5,338.5
0023,594.5,323.5
0023,761.5,311.5
0023,687.5,360.5
0023,737.5,328.5
0023,598.5,354.5
0023,791.5,286.5
0023,772.5,421.5
0023,722.5,359.5
0023,809.5,342.5
0023,770.5,340.5
0024,593.5,355.5
0024,687.5,360.5
0024,763.5,338.5
0024,782.5,372.5
0024,786.5,283.5
0024,654.5,334.5
0024,781.5,416.5
0024,594.5,322.5
0024,624.5,338.5
0024,627.5,372.5
0024,604.5,391.5
0024,759.5,312.5
0024,721.5,360.5
0024,804.5,355.5
0024,730.5,308.5
0025,655.5,335.5
0025,782.5,415.5
0025,784.5,281.5
0025,595.5,323.5
0025,622.5,337.5
0025,592.5,353.5
0025,687.5,358.5
0025,603.5,398.5
0025,718.5,358.5
0025,742.5,315.5
0025,771.5,367.5
0025,746.5,345.5
0025,627.5,371.5
0025,802.5,354.5
0025,723.5,293.5
0026,606.5,409.5
0026,718.5,359.5
0026,780.5,414.5
0026,625.5,372.5
0026,803.5,341.5
0026,781.5,278.5
0026,653.5,335.5
0026,622.5,337.5
0026,746.5,345.5
0026,592.5,355.5
0026,726.5,322.5
0026,598.5,320.5
0026,686.5,359.5
0026,772.5,359.5
0026,725.5,296.5
0028,622.5,411.5
0028,782.5,415.5
0028,716.5,354.5
0028,621.5,334.5
0028,591.5,356.5
0028,746.5,343.5
0028,731.5,326.5
0028,785.5,279.5
0028,647.5,320.5
0028,778.5,376.5
0028,686.5,360.5
0028,777.5,336.5
0028,597.5,326.5
0028,618.5,365.5
0028,724.5,295.5
0029,782.5,415.5
0029,589.5,355.5
0029,745.5,343.5
0029,784.5,385.5
0029,719.5,349.5
0029,727.5,321.5
0029,615.5,371.5
0029,645.5,313.5
0029,626.5,410.5
0029,622.5,340.5
0029,597.5,325.5
0029,687.5,357.5
0029,779.5,280.5
0029,726.5,296.5
0029,772.5,328.5
0030,777.5,328.5
0030,780.5,277.5
0030,781.5,387.5
0030,654.5,311.5
0030,686.5,359.5
0030,725.5,323.5
0030,627.5,409.5
0030,618.5,366.5
0030,748.5,344.5
0030,594.5,324.5
0030,631.5,336.5
0030,716.5,351.5
0030,782.5,418.5
0030,589.5,355.5
0030,726.5,290.5
0034,747.5,345.5
0034,780.5,277.5
0034,740.5,314.5
0034,617.5,346.5
0034,595.5,327.5
0034,708.5,323.5
0034,712.5,244.5
0034,781.5,419.5
0034,657.5,323.5
0034,739.5,414.5
0034,687.5,357.5
0034,630.5,420.5
0034,589.5,359.5
0034,665.5,296.5
0034,755.5,285.5
0035,686.5,360.5
0035,597.5,322.5
0035,626.5,437.5
0035,660.5,333.5
0035,713.5,245.5
0035,616.5,347.5
0035,753.5,285.5
0035,746.5,346.5
0035,722.5,422.5
0035,667.5,295.5
0035,781.5,277.5
0035,781.5,419.5
0035,706.5,323.5
0035,737.5,317.5
0035,589.5,353.5
0036,627.5,442.5
0036,596.5,321.5
0036,668.5,335.5
0036,705.5,244.5
0036,688.5,360.5
0036,739.5,314.5
0036,707.5,324.5
0036,667.5,297.5
0036,783.5,277.5
0036,591.5,355.5
0036,615.5,348.5
0036,696.5,430.5
0036,749.5,344.5
0036,754.5,287.5
0036,780.5,418.5
0039,666.5,296.5
0039,754.5,287.5
0039,627.5,442.5
0039,666.5,340.5
0039,740.5,314.5
0039,781.5,417.5
0039,617.5,310.5
0039,590.5,347.5
0039,619.5,345.5
0039,708.5,322.5
0039,782.5,278.5
0039,680.5,434.5
0039,688.5,359.5
0039,705.5,245.5
0039,745.5,344.5
0040,627.5,442.5
0040,669.5,297.5
0040,625.5,290.5
0040,687.5,361.5
0040,740.5,367.5
0040,757.5,296.5
0040,590.5,336.5
0040,742.5,317.5
0040,620.5,346.5
0040,664.5,336.5
0040,679.5,433.5
0040,705.5,245.5
0040,707.5,323.5
0040,782.5,275.5
0040,781.5,418.5
0041,627.5,442.5
0041,688.5,361.5
0041,741.5,392.5
0041,781.5,417.5
0041,675.5,312.5
0041,620.5,345.5
0041,766.5,302.5
0041,662.5,342.5
0041,592.5,331.5
0041,782.5,275.5
0041,640.5,278.5
0041,705.5,245.5
0041,678.5,435.5
0041,708.5,322.5
0041,739.5,316.5
0042,627.5,442.5
0042,768.5,319.5
0042,596.5,321.5
0042,687.5,361.5
0042,708.5,324.5
0042,783.5,277.5
0042,706.5,244.5
0042,738.5,406.5
0042,658.5,349.5
0042,657.5,441.5
0042,737.5,317.5
0042,618.5,344.5
0042,680.5,305.5
0042,661.5,264.5
0042,779.5,419.5
0043,683.5,296.5
0043,764.5,346.5
0043,626.5,442.5
0043,604.5,303.5
0043,667.5,263.5
0043,782.5,275.5
0043,740.5,317.5
0043,717.5,421.5
0043,688.5,361.5
0043,781.5,416.5
0043,650.5,349.5
0043,706.5,243.5
0043,708.5,320.5
0043,620.5,346.5
0043,655.5,449.5
0045,672.5,463.5
0045,685.5,437.5
0045,781.5,277.5
0045,627.5,442.5
0045,766.5,337.5
0045,593.5,337.5
0045,688.5,361.5
0045,782.5,419.5
0045,705.5,241.5
0045,617.5,282.5
0045,649.5,350.5
0045,717.5,303.5
0045,686.5,275.5
0045,741.5,319.5
0045,712.5,272.5
0046,716.5,270.5
0046,627.5,442.5
0046,781.5,416.5
0046,665.5,429.5
0046,593.5,338.5
0046,626.5,274.5
0046,686.5,464.5
0046,687.5,359.5
0046,743.5,318.5
0046,649.5,350.5
0046,686.5,279.5
0046,704.5,244.5
0046,769.5,328.5
0046,782.5,275.5
0046,716.5,301.5
0047,781.5,419.5
0047,630.5,271.5
0047,781.5,277.5
0047,728.5,262.5
0047,688.5,361.5
0047,691.5,283.5
0047,718.5,295.5
0047,766.5,334.5
0047,648.5,415.5
0047,625.5,441.5
0047,689.5,467.5
0047,739.5,319.5
0047,602.5,332.5
0047,652.5,351.5
0047,707.5,245.5
0048,624.5,440.5
0048,629.5,268.5
0048,690.5,468.5
0048,610.5,331.5
0048,719.5,292.5
0048,740.5,317.5
0048,680.5,292.5
0048,687.5,361.5
0048,705.5,245.5
0048,765.5,345.5
0048,649.5,350.5
0048,641.5,409.5
0048,781.5,419.5
0048,740.5,251.5
0048,777.5,270.5
0050,780.5,418.5
0050,687.5,361.5
0050,653.5,305.5
0050,742.5,318.5
0050,730.5,291.5
0050,743.5,252.5
0050,625.5,442.5
0050,650.5,350.5
0050,681.5,421.5
0050,676.5,326.5
0050,624.5,275.5
0050,691.5,466.5
0050,768.5,266.5
0050,700.5,243.5
0050,770.5,332.5
0052,688.5,361.5
0052,744.5,321.5
0052,758.5,294.5
0052,715.5,334.5
0052,612.5,291.5
0052,698.5,243.5
0052,779.5,419.5
0052,698.5,276.5
0052,771.5,266.5
0052,742.5,254.5
0052,697.5,439.5
0052,626.5,442.5
0052,691.5,468.5
0052,650.5,350.5
0052,769.5,332.5
0053,717.5,339.5
0053,688.5,362.5
0053,702.5,245.5
0053,768.5,266.5
0053,782.5,292.5
0053,692.5,468.5
0053,649.5,350.5
0053,700.5,276.5
0053,727.5,308.5
0053,743.5,252.5
0053,623.5,440.5
0053,610.5,289.5
0053,769.5,330.5
0053,780.5,418.5
0053,698.5,437.5
0054,625.5,441.5
0054,687.5,361.5
0054,772.5,327.5
0054,650.5,350.5
0054,699.5,439.5
0054,792.5,294.5
0054,611.5,287.5
0054,782.5,418.5
0054,726.5,345.5
0054,705.5,290.5
0054,704.5,242.5
0054,683.5,269.5
0054,757.5,276.5
0054,742.5,252.5
0054,692.5,469.5
0055,799.5,297.5
0055,688.5,362.5
0055,769.5,305.5
0055,610.5,289.5
0055,705.5,244.5
0055,706.5,277.5
0055,647.5,348.5
0055,745.5,252.5
0055,626.5,441.5
0055,736.5,354.5
0055,690.5,468.5
0055,781.5,419.5
0055,699.5,440.5
0055,670.5,273.5
0055,740.5,285.5
0056,688.5,362.5
0056,799.5,297.5
0056,741.5,352.5
0056,625.5,441.5
0056,613.5,290.5
0056,779.5,419.5
0056,704.5,242.5
0056,723.5,303.5
0056,741.5,251.5
0056,698.5,440.5
0056,691.5,467.5
0056,711.5,271.5
0056,766.5,283.5
0056,668.5,273.5
0056,652.5,351.5
0057,688.5,362.5
0057,798.5,297.5
0057,622.5,439.5
0057,743.5,340.5
0057,672.5,268.5
0057,724.5,273.5
0057,699.5,308.5
0057,703.5,244.5
0057,647.5,349.5
0057,700.5,439.5
0057,692.5,466.5
0057,612.5,295.5
0057,765.5,283.5
0057,742.5,254.5
0057,780.5,419.5
0058,625.5,441.5
0058,768.5,282.5
0058,799.5,298.5
0058,624.5,289.5
0058,735.5,326.5
0058,688.5,362.5
0058,649.5,350.5
0058,672.5,309.5
0058,677.5,269.5
0058,689.5,469.5
0058,737.5,282.5
0058,742.5,252.5
0058,695.5,438.5
0058,783.5,420.5
0058,701.5,244.5
0060,626.5,443.5
0060,771.5,267.5
0060,662.5,253.5
0060,625.5,287.5
0060,688.5,362.5
0060,700.5,442.5
0060,793.5,290.5
0060,781.5,419.5
0060,747.5,252.5
0060,705.5,244.5
0060,632.5,316.5
0060,649.5,350.5
0060,728.5,334.5
0060,740.5,280.5
0060,691.5,466.5
0061,688.5,362.5
0061,729.5,357.5
0061,650.5,351.5
0061,742.5,281.5
0061,604.5,317.5
0061,626.5,288.5
0061,798.5,292.5
0061,782.5,419.5
0061,704.5,245.5
0061,629.5,444.5
0061,692.5,466.5
0061,770.5,264.5
0061,695.5,437.5
0061,661.5,252.5
0061,740.5,250.5
0064,595.5,324.5
0064,724.5,374.5
0064,770.5,266.5
0064,781.5,419.5
0064,734.5,245.5
0064,649.5,350.5
0064,629.5,443.5
0064,688.5,362.5
0064,806.5,315.5
0064,627.5,289.5
0064,643.5,263.5
0064,702.5,245.5
0064,699.5,440.5
0064,742.5,283.5
0064,693.5,467.5
0066,633.5,447.5
0066,688.5,362.5
0066,638.5,344.5
0066,728.5,246.5
0066,696.5,467.5
0066,809.5,316.5
0066,643.5,266.5
0066,698.5,438.5
0066,594.5,328.5
0066,622.5,292.5
0066,722.5,378.5
0066,742.5,282.5
0066,781.5,418.5
0066,701.5,244.5
0066,767.5,265.5
0067,724.5,369.5
0067,624.5,342.5
0067,688.5,362.5
0067,766.5,263.5
0067,781.5,419.5
0067,594.5,331.5
0067,805.5,317.5
0067,621.5,293.5
0067,733.5,249.5
0067,705.5,240.5
0067,630.5,444.5
0067,700.5,441.5
0067,686.5,470.5
0067,743.5,281.5
0067,655.5,282.5
0069,688.5,362.5
0069,726.5,362.5
0069,593.5,333.5
0069,642.5,445.5
0069,812.5,328.5
0069,763.5,262.5
0069,732.5,247.5
0069,685.5,468.5
0069,707.5,449.5
0069,703.5,242.5
0069,619.5,353.5
0069,782.5,418.5
0069,659.5,290.5
0069,623.5,292.5
0069,739.5,282.5
0071,734.5,248.5
0071,708.5,449.5
0071,736.5,354.5
0071,688.5,362.5
0071,814.5,361.5
0071,749.5,286.5
0071,660.5,327.5
0071,597.5,335.5
0071,632.5,345.5
0071,701.5,245.5
0071,685.5,468.5
0071,779.5,419.5
0071,774.5,270.5
0071,643.5,445.5
0071,623.5,293.5
0072,782.5,274.5
0072,813.5,360.5
0072,758.5,296.5
0072,645.5,340.5
0072,643.5,445.5
0072,702.5,243.5
0072,734.5,246.5
0072,706.5,449.5
0072,598.5,334.5
0072,781.5,419.5
0072,685.5,465.5
0072,752.5,351.5
0072,673.5,336.5
0072,689.5,362.5
0072,623.5,292.5
0074,730.5,246.5
0074,788.5,285.5
0074,686.5,361.5
0074,703.5,244.5
0074,642.5,330.5
0074,709.5,449.5
0074,674.5,334.5
0074,812.5,376.5
0074,642.5,446.5
0074,781.5,419.5
0074,609.5,339.5
0074,683.5,467.5
0074,626.5,293.5
0074,786.5,324.5
0074,788.5,360.5
0076,623.5,291.5
0076,787.5,331.5
0076,790.5,287.5
0076,707.5,448.5
0076,673.5,335.5
0076,689.5,361.5
0076,733.5,249.5
0076,706.5,243.5
0076,788.5,360.5
0076,626.5,340.5
0076,644.5,311.5
0076,781.5,417.5
0076,641.5,447.5
0076,798.5,390.5
0076,680.5,465.5
0077,674.5,465.5
0077,791.5,391.5
0077,790.5,287.5
0077,688.5,362.5
0077,785.5,330.5
0077,681.5,330.5
0077,792.5,361.5
0077,736.5,247.5
0077,623.5,289.5
0077,647.5,306.5
0077,781.5,419.5
0077,709.5,451.5
0077,642.5,346.5
0077,643.5,446.5
0077,703.5,244.5
0078,781.5,419.5
0078,804.5,393.5
0078,651.5,344.5
0078,655.5,295.5
0078,712.5,449.5
0078,790.5,286.5
0078,701.5,314.5
0078,738.5,249.5
0078,785.5,329.5
0078,808.5,362.5
0078,686.5,361.5
0078,671.5,467.5
0078,707.5,242.5
0078,620.5,287.5
0078,641.5,444.5
0079,807.5,398.5
0079,656.5,345.5
0079,688.5,362.5
0079,814.5,368.5
0079,705.5,245.5
0079,620.5,290.5
0079,780.5,418.5
0079,673.5,463.5
0079,716.5,294.5
0079,710.5,443.5
0079,788.5,283.5
0079,661.5,294.5
0079,643.5,446.5
0079,786.5,330.5
0079,738.5,248.5
0082,780.5,419.5
0082,710.5,282.5
0082,662.5,462.5
0082,805.5,405.5
0082,784.5,280.5
0082,642.5,264.5
0082,668.5,342.5
0082,690.5,362.5
0082,726.5,254.5
0082,814.5,367.5
0082,698.5,242.5
0082,710.5,441.5
0082,784.5,331.5
0082,743.5,281.5
0082,635.5,447.5
0083,637.5,447.5
0083,666.5,344.5
0083,773.5,270.5
0083,809.5,353.5
0083,784.5,331.5
0083,642.5,264.5
0083,713.5,285.5
0083,803.5,405.5
0083,665.5,457.5
0083,742.5,277.5
0083,699.5,243.5
0083,729.5,255.5
0083,689.5,363.5
0083,710.5,441.5
0083,779.5,418.5
0084,639.5,444.5
0084,778.5,421.5
0084,667.5,342.5
0084,670.5,459.5
0084,697.5,243.5
0084,726.5,253.5
0084,746.5,275.5
0084,778.5,273.5
0084,642.5,264.5
0084,708.5,440.5
0084,689.5,363.5
0084,815.5,348.5
0084,716.5,284.5
0084,804.5,403.5
0084,787.5,329.5
0085,667.5,342.5
0085,806.5,400.5
0085,714.5,286.5
0085,646.5,449.5
0085,754.5,257.5
0085,814.5,347.5
0085,720.5,255.5
0085,708.5,442.5
0085,687.5,362.5
0085,693.5,246.5
0085,672.5,460.5
0085,783.5,331.5
0085,777.5,418.5
0085,643.5,265.5
0085,779.5,271.5
0086,647.5,448.5
0086,719.5,259.5
0086,748.5,254.5
0086,812.5,339.5
0086,667.5,342.5
0086,809.5,398.5
0086,709.5,442.5
0086,715.5,293.5
0086,642.5,264.5
0086,690.5,363.5
0086,778.5,421.5
0086,693.5,243.5
0086,787.5,331.5
0086,680.5,452.5
0086,775.5,267.5
0087,640.5,451.5
0087,804.5,403.5
0087,712.5,441.5
0087,745.5,252.5
0087,681.5,448.5
0087,770.5,266.5
0087,776.5,420.5
0087,712.5,300.5
0087,667.5,342.5
0087,691.5,361.5
0087,695.5,245.5
0087,813.5,337.5
0087,641.5,263.5
0087,786.5,331.5
0087,717.5,266.5
0088,783.5,330.5
0088,803.5,406.5
0088,698.5,240.5
0088,719.5,268.5
0088,668.5,342.5
0088,777.5,423.5
0088,771.5,264.5
0088,686.5,441.5
0088,641.5,455.5
0088,746.5,253.5
0088,704.5,299.5
0088,642.5,262.5
0088,688.5,362.5
0088,814.5,335.5
0088,717.5,438.5
0089,642.5,453.5
0089,709.5,243.5
0089,804.5,409.5
0089,683.5,442.5
0089,782.5,331.5
0089,667.5,342.5
0089,810.5,325.5
0089,771.5,266.5
0089,644.5,259.5
0089,689.5,361.5
0089,721.5,273.5
0089,713.5,429.5
0089,784.5,431.5
0089,694.5,292.5
0089,746.5,252.5
0090,642.5,453.5
0090,788.5,432.5
0090,648.5,259.5
0090,804.5,405.5
0090,689.5,363.5
0090,666.5,344.5
0090,806.5,315.5
0090,780.5,328.5
0090,707.5,243.5
0090,702.5,404.5
0090,739.5,251.5
0090,688.5,290.5
0090,761.5,275.5
0090,723.5,273.5
0090,683.5,441.5
0091,689.5,362.5
0091,642.5,453.5
0091,675.5,274.5
0091,646.5,261.5
0091,722.5,273.5
0091,667.5,342.5
0091,763.5,276.5
0091,771.5,412.5
0091,741.5,250.5
0091,702.5,402.5
0091,804.5,311.5
0091,770.5,330.5
0091,711.5,241.5
0091,805.5,404.5
0091,682.5,441.5
0095,642.5,453.5
0095,733.5,248.5
0095,735.5,284.5
0095,762.5,264.5
0095,642.5,263.5
0095,668.5,342.5
0095,767.5,297.5
0095,796.5,296.5
0095,805.5,404.5
0095,701.5,242.5
0095,740.5,404.5
0095,689.5,444.5
0095,691.5,363.5
0095,675.5,270.5
0095,700.5,417.5
0097,642.5,453.5
0097,768.5,390.5
0097,666.5,344.5
0097,711.5,269.5
0097,687.5,364.5
0097,692.5,244.5
0097,695.5,443.5
0097,747.5,290.5
0097,775.5,277.5
0097,805.5,404.5
0097,703.5,411.5
0097,799.5,301.5
0097,644.5,262.5
0097,674.5,267.5
0097,741.5,261.5
0098,642.5,453.5
0098,666.5,344.5
0098,705.5,444.5
0098,688.5,362.5
0098,672.5,269.5
0098,695.5,245.5
0098,705.5,411.5
0098,775.5,279.5
0098,745.5,285.5
0098,804.5,403.5
0098,701.5,275.5
0098,773.5,377.5
0098,642.5,261.5
0098,799.5,302.5
0098,727.5,260.5
0099,642.5,453.5
0099,799.5,306.5
0099,666.5,344.5
0099,703.5,413.5
0099,784.5,279.5
0099,727.5,257.5
0099,672.5,264.5
0099,700.5,275.5
0099,775.5,377.5
0099,804.5,405.5
0099,711.5,441.5
0099,697.5,240.5
0099,689.5,363.5
0099,732.5,287.5
0099,643.5,262.5
0103,668.5,342.5
0103,785.5,281.5
0103,730.5,290.5
0103,767.5,397.5
0103,806.5,403.5
0103,715.5,243.5
0103,714.5,440.5
0103,692.5,358.5
0103,703.5,413.5
0103,804.5,310.5
0103,700.5,275.5
0103,748.5,265.5
0103,643.5,423.5
0103,662.5,252.5
0103,628.5,282.5
0104,649.5,408.5
0104,666.5,344.5
0104,772.5,388.5
0104,700.5,337.5
0104,702.5,411.5
0104,731.5,290.5
0104,742.5,260.5
0104,785.5,281.5
0104,699.5,275.5
0104,710.5,438.5
0104,807.5,320.5
0104,806.5,403.5
0104,631.5,295.5
0104,712.5,241.5
0104,663.5,262.5
0107,648.5,383.5
0107,750.5,256.5
0107,712.5,324.5
0107,720.5,244.5
0107,785.5,283.5
0107,669.5,344.5
0107,805.5,404.5
0107,730.5,290.5
0107,643.5,326.5
0107,702.5,275.5
0107,705.5,411.5
0107,805.5,313.5
0107,701.5,445.5
0107,789.5,344.5
0107,687.5,302.5
0108,647.5,375.5
0108,695.5,302.5
0108,803.5,406.5
0108,723.5,331.5
0108,699.5,445.5
0108,749.5,255.5
0108,667.5,341.5
0108,643.5,326.5
0108,702.5,412.5
0108,724.5,246.5
0108,774.5,328.5
0108,784.5,280.5
0108,805.5,315.5
0108,731.5,291.5
0108,702.5,272.5
0109,722.5,338.5
0109,643.5,359.5
0109,667.5,341.5
0109,703.5,410.5
0109,804.5,312.5
0109,805.5,404.5
0109,730.5,289.5
0109,702.5,275.5
0109,704.5,301.5
0109,642.5,328.5
0109,760.5,322.5
0109,750.5,256.5
0109,784.5,281.5
0109,701.5,441.5
0109,715.5,244.5
0110,767.5,323.5
0110,700.5,273.5
0110,642.5,324.5
0110,734.5,288.5
0110,804.5,312.5
0110,721.5,339.5
0110,786.5,284.5
0110,691.5,411.5
0110,709.5,305.5
0110,802.5,405.5
0110,714.5,244.5
0110,667.5,341.5
0110,641.5,355.5
0110,743.5,254.5
0110,701.5,444.5
0111,742.5,252.5
0111,722.5,338.5
0111,776.5,329.5
0111,667.5,415.5
0111,640.5,354.5
0111,667.5,341.5
0111,805.5,312.5
0111,788.5,283.5
0111,736.5,286.5
0111,805.5,404.5
0111,642.5,325.5
0111,698.5,443.5
0111,713.5,245.5
0111,711.5,301.5
0111,704.5,272.5
0113,754.5,261.5
0113,696.5,366.5
0113,785.5,336.5
0113,785.5,277.5
0113,700.5,269.5
0113,806.5,403.5
0113,642.5,324.5
0113,633.5,357.5
0113,709.5,310.5
0113,667.5,341.5
0113,699.5,445.5
0113,616.5,420.5
0113,735.5,286.5
0113,802.5,306.5
0113,715.5,245.5
0115,690.5,369.5
0115,784.5,330.5
0115,624.5,353.5
0115,701.5,244.5
0115,602.5,412.5
0115,694.5,304.5
0115,668.5,342.5
0115,803.5,406.5
0115,699.5,445.5
0115,668.5,249.5
0115,785.5,278.5
0115,800.5,306.5
0115,643.5,326.5
0115,752.5,267.5
0115,733.5,289.5
0116,664.5,250.5
0116,669.5,339.5
0116,625.5,352.5
0116,804.5,305.5
0116,681.5,377.5
0116,604.5,416.5
0116,804.5,405.5
0116,773.5,321.5
0116,694.5,244.5
0116,642.5,326.5
0116,741.5,267.5
0116,711.5,276.5
0116,686.5,298.5
0116,783.5,282.5
0116,699.5,443.5
0117,755.5,314.5
0117,602.5,412.5
0117,806.5,403.5
0117,678.5,382.5
0117,783.5,282.5
0117,700.5,444.5
0117,803.5,310.5
0117,622.5,348.5
0117,681.5,331.5
0117,700.5,272.5
0117,649.5,330.5
0117,678.5,302.5
0117,732.5,263.5
0117,665.5,249.5
0117,698.5,244.5
0118,784.5,280.5
0118,603.5,413.5
0118,754.5,313.5
0118,631.5,333.5
0118,663.5,343.5
0118,699.5,445.5
0118,669.5,301.5
0118,801.5,315.5
0118,804.5,404.5
0118,691.5,331.5
0118,702.5,243.5
0118,697.5,273.5
0118,657.5,404.5
0118,662.5,251.5
0118,732.5,267.5
0119,629.5,414.5
0119,807.5,312.5
0119,784.5,276.5
0119,805.5,403.5
0119,599.5,404.5
0119,639.5,337.5
0119,698.5,274.5
0119,698.5,443.5
0119,681.5,345.5
0119,719.5,332.5
0119,703.5,243.5
0119,643.5,298.5
0119,735.5,273.5
0119,659.5,254.5
0119,754.5,311.5
0120,692.5,272.5
0120,749.5,263.5
0120,736.5,337.5
0120,619.5,416.5
0120,703.5,245.5
0120,805.5,312.5
0120,642.5,339.5
0120,699.5,445.5
0120,785.5,278.5
0120,594.5,392.5
0120,619.5,298.5
0120,754.5,311.5
0120,649.5,257.5
0120,802.5,405.5
0120,689.5,330.5
0121,619.5,416.5
0121,762.5,317.5
0121,783.5,281.5
0121,592.5,375.5
0121,688.5,328.5
0121,736.5,335.5
0121,634.5,267.5
0121,652.5,347.5
0121,602.5,303.5
0121,668.5,260.5
0121,805.5,404.5
0121,808.5,314.5
0121,703.5,246.5
0121,748.5,256.5
0121,701.5,445.5
0122,619.5,416.5
0122,736.5,337.5
0122,771.5,322.5
0122,785.5,277.5
0122,588.5,357.5
0122,653.5,344.5
0122,808.5,320.5
0122,688.5,328.5
0122,805.5,403.5
0122,749.5,252.5
0122,664.5,260.5
0122,699.5,445.5
0122,623.5,277.5
0122,707.5,244.5
0122,599.5,308.5
0123,736.5,337.5
0123,619.5,416.5
0123,621.5,276.5
0123,768.5,321.5
0123,808.5,327.5
0123,688.5,330.5
0123,792.5,291.5
0123,664.5,258.5
0123,592.5,342.5
0123,602.5,309.5
0123,746.5,253.5
0123,698.5,443.5
0123,804.5,403.5
0123,653.5,345.5
0123,706.5,243.5
0125,664.5,258.5
0125,795.5,298.5
0125,703.5,242.5
0125,653.5,344.5
0125,692.5,321.5
0125,735.5,337.5
0125,619.5,416.5
0125,742.5,251.5
0125,809.5,322.5
0125,699.5,445.5
0125,625.5,286.5
0125,592.5,335.5
0125,804.5,403.5
0125,602.5,309.5
0125,766.5,316.5
0126,619.5,416.5
0126,664.5,258.5
0126,594.5,334.5
0126,742.5,249.5
0126,806.5,312.5
0126,804.5,403.5
0126,633.5,298.5
0126,601.5,306.5
0126,659.5,340.5
0126,770.5,315.5
0126,697.5,299.5
0126,704.5,244.5
0126,735.5,337.5
0126,699.5,443.5
0126,788.5,285.5
0128,647.5,364.5
0128,661.5,261.5
0128,619.5,416.5
0128,709.5,243.5
0128,735.5,337.5
0128,634.5,296.5
0128,739.5,251.5
0128,769.5,319.5
0128,605.5,306.5
0128,777.5,275.5
0128,798.5,302.5
0128,700.5,281.5
0128,805.5,404.5
0128,601.5,337.5
0128,701.5,441.5
0129,767.5,318.5
0129,619.5,416.5
0129,647.5,261.5
0129,739.5,251.5
0129,702.5,242.5
0129,601.5,341.5
0129,774.5,269.5
0129,699.5,444.5
0129,636.5,294.5
0129,793.5,296.5
0129,646.5,364.5
0129,805.5,404.5
0129,608.5,306.5
0129,700.5,279.5
0129,735.5,337.5
0131,619.5,416.5
0131,621.5,278.5
0131,800.5,303.5
0131,804.5,406.5
0131,704.5,246.5
0131,700.5,444.5
0131,783.5,274.5
0131,739.5,251.5
0131,599.5,339.5
0131,611.5,309.5
0131,646.5,363.5
0131,720.5,274.5
0131,760.5,317.5
0131,640.5,314.5
0131,735.5,338.5
0133,736.5,338.5
0133,648.5,364.5
0133,616.5,414.5
0133,618.5,286.5
0133,729.5,248.5
0133,718.5,275.5
0133,603.5,314.5
0133,699.5,444.5
0133,789.5,282.5
0133,759.5,316.5
0133,805.5,312.5
0133,630.5,338.5
0133,802.5,405.5
0133,676.5,349.5
0133,699.5,246.5
0134,647.5,365.5
0134,619.5,416.5
0134,799.5,318.5
0134,704.5,245.5
0134,736.5,338.5
0134,617.5,283.5
0134,787.5,279.5
0134,733.5,249.5
0134,758.5,314.5
0134,722.5,275.5
0134,805.5,405.5
0134,632.5,329.5
0134,697.5,359.5
0134,602.5,315.5
0134,699.5,445.5
0135,619.5,416.5
0135,730.5,247.5
0135,759.5,316.5
0135,803.5,406.5
0135,699.5,444.5
0135,785.5,278.5
0135,617.5,284.5
0135,737.5,337.5
0135,632.5,358.5
0135,727.5,367.5
0135,603.5,316.5
0135,640.5,321.5
0135,798.5,334.5
0135,700.5,244.5
0135,720.5,275.5
0137,621.5,339.5
0137,619.5,416.5
0137,769.5,370.5
0137,760.5,320.5
0137,618.5,286.5
0137,803.5,406.5
0137,731.5,245.5
0137,698.5,443.5
0137,754.5,269.5
0137,642.5,319.5
0137,735.5,342.5
0137,722.5,276.5
0137,603.5,313.5
0137,794.5,348.5
0137,699.5,243.5
0138,621.5,337.5
0138,805.5,403.5
0138,619.5,416.5
0138,615.5,281.5
0138,729.5,245.5
0138,756.5,263.5
0138,721.5,276.5
0138,601.5,313.5
0138,764.5,336.5
0138,700.5,243.5
0138,733.5,344.5
0138,794.5,346.5
0138,775.5,374.5
0138,643.5,317.5
0138,698.5,446.5
0139,622.5,336.5
0139,786.5,372.5
0139,733.5,247.5
0139,617.5,286.5
0139,619.5,416.5
0139,722.5,276.5
0139,764.5,348.5
0139,599.5,312.5
0139,803.5,406.5
0139,758.5,258.5
0139,700.5,245.5
0139,796.5,344.5
0139,643.5,315.5
0139,728.5,342.5
0139,701.5,444.5
0140,619.5,416.5
0140,592.5,327.5
0140,728.5,245.5
0140,615.5,301.5
0140,641.5,316.5
0140,621.5,335.5
0140,806.5,403.5
0140,729.5,342.5
0140,786.5,375.5
0140,796.5,344.5
0140,762.5,346.5
0140,700.5,244.5
0140,700.5,444.5
0140,719.5,276.5
0140,756.5,258.5
0141,622.5,337.5
0141,795.5,344.5
0141,785.5,374.5
0141,619.5,416.5
0141,699.5,244.5
0141,591.5,343.5
0141,805.5,405.5
0141,608.5,310.5
0141,727.5,341.5
0141,730.5,248.5
0141,759.5,258.5
0141,699.5,444.5
0141,721.5,276.5
0141,643.5,315.5
0141,761.5,346.5
0144,784.5,373.5
0144,763.5,346.5
0144,604.5,412.5
0144,815.5,345.5
0144,734.5,337.5
0144,625.5,338.5
0144,603.5,307.5
0144,810.5,386.5
0144,591.5,344.5
0144,758.5,259.5
0144,698.5,443.5
0144,764.5,290.5
0144,680.5,310.5
0144,729.5,248.5
0144,696.5,245.5
0145,734.5,337.5
0145,619.5,346.5
0145,602.5,408.5
0145,590.5,343.5
0145,807.5,353.5
0145,732.5,247.5
0145,601.5,307.5
0145,762.5,347.5
0145,765.5,288.5
0145,810.5,383.5
0145,784.5,372.5
0145,695.5,246.5
0145,681.5,309.5
0145,699.5,445.5
0145,757.5,259.5
0147,639.5,328.5
0147,600.5,402.5
0147,601.5,309.5
0147,763.5,346.5
0147,726.5,246.5
0147,758.5,257.5
0147,812.5,379.5
0147,815.5,349.5
0147,785.5,375.5
0147,591.5,344.5
0147,699.5,445.5
0147,730.5,336.5
0147,678.5,308.5
0147,765.5,290.5
0147,697.5,244.5
0148,600.5,403.5
0148,647.5,305.5
0148,700.5,444.5
0148,591.5,343.5
0148,813.5,345.5
0148,699.5,244.5
0148,604.5,310.5
0148,764.5,347.5
0148,772.5,289.5
0148,731.5,343.5
0148,731.5,248.5
0148,784.5,375.5
0148,680.5,310.5
0148,812.5,375.5
0148,760.5,260.5
0149,764.5,258.5
0149,812.5,341.5
0149,732.5,349.5
0149,698.5,242.5
0149,601.5,316.5
0149,813.5,371.5
0149,593.5,344.5
0149,730.5,247.5
0149,785.5,372.5
0149,781.5,283.5
0149,602.5,407.5
0149,765.5,347.5
0149,679.5,308.5
0149,698.5,445.5
0149,655.5,288.5
0153,700.5,243.5
0153,813.5,384.5
0153,812.5,344.5
0153,774.5,350.5
0153,773.5,284.5
0153,605.5,321.5
0153,779.5,384.5
0153,603.5,411.5
0153,762.5,260.5
0153,659.5,278.5
0153,729.5,254.5
0153,698.5,445.5
0153,708.5,338.5
0153,588.5,346.5
0153,732.5,348.5
0157,752.5,375.5
0157,816.5,348.5
0157,686.5,270.5
0157,606.5,416.5
0157,593.5,385.5
0157,736.5,349.5
0157,773.5,283.5
0157,729.5,254.5
0157,703.5,350.5
0157,614.5,341.5
0157,759.5,260.5
0157,798.5,409.5
0157,699.5,444.5
0157,697.5,242.5
0157,807.5,381.5
0158,814.5,350.5
0158,758.5,260.5
0158,608.5,420.5
0158,700.5,243.5
0158,736.5,349.5
0158,698.5,445.5
0158,616.5,341.5
0158,726.5,262.5
0158,703.5,350.5
0158,756.5,373.5
0158,792.5,403.5
0158,686.5,271.5
0158,808.5,379.5
0158,597.5,391.5
0158,773.5,287.5
0159,723.5,265.5
0159,609.5,420.5
0159,734.5,351.5
0159,686.5,270.5
0159,596.5,387.5
0159,807.5,380.5
0159,784.5,398.5
0159,758.5,262.5
0159,699.5,445.5
0159,767.5,293.5
0159,699.5,244.5
0159,704.5,350.5
0159,616.5,339.5
0159,756.5,376.5
0159,811.5,347.5
0160,609.5,420.5
0160,685.5,270.5
0160,704.5,352.5
0160,734.5,350.5
0160,617.5,342.5
0160,701.5,243.5
0160,769.5,302.5
0160,602.5,377.5
0160,814.5,347.5
0160,718.5,270.5
0160,808.5,381.5
0160,785.5,407.5
0160,755.5,374.5
0160,764.5,272.5
0160,699.5,445.5
0161,806.5,379.5
0161,609.5,420.5
0161,702.5,244.5
0161,785.5,408.5
0161,737.5,345.5
0161,812.5,347.5
0161,603.5,374.5
0161,704.5,352.5
0161,722.5,269.5
0161,754.5,375.5
0161,686.5,269.5
0161,768.5,269.5
0161,614.5,341.5
0161,698.5,445.5
0161,768.5,300.5
0163,730.5,369.5
0163,609.5,420.5
0163,751.5,339.5
0163,813.5,355.5
0163,703.5,350.5
0163,721.5,246.5
0163,603.5,376.5
0163,772.5,268.5
0163,699.5,445.5
0163,708.5,274.5
0163,770.5,300.5
0163,794.5,378.5
0163,616.5,341.5
0163,737.5,272.5
0163,795.5,423.5
0164,716.5,378.5
0164,708.5,270.5
0164,759.5,341.5
0164,797.5,420.5
0164,609.5,420.5
0164,792.5,375.5
0164,768.5,305.5
0164,702.5,350.5
0164,724.5,247.5
0164,812.5,358.5
0164,603.5,374.5
0164,617.5,341.5
0164,698.5,443.5
0164,768.5,271.5
0164,737.5,270.5
0166,708.5,278.5
0166,609.5,420.5
0166,707.5,405.5
0166,699.5,445.5
0166,707.5,242.5
0166,702.5,350.5
0166,814.5,361.5
0166,794.5,419.5
0166,617.5,340.5
0166,768.5,304.5
0166,792.5,380.5
0166,777.5,336.5
0166,602.5,375.5
0166,769.5,273.5
0166,737.5,272.5
0167,788.5,336.5
0167,609.5,420.5
0167,791.5,379.5
0167,706.5,404.5
0167,701.5,351.5
0167,710.5,290.5
0167,815.5,362.5
0167,769.5,305.5
0167,698.5,445.5
0167,768.5,273.5
0167,796.5,418.5
0167,690.5,247.5
0167,736.5,273.5
0167,605.5,371.5
0167,618.5,340.5
0168,707.5,405.5
0168,697.5,299.5
0168,615.5,342.5
0168,767.5,274.5
0168,814.5,361.5
0168,701.5,351.5
0168,787.5,336.5
0168,595.5,382.5
0168,790.5,381.5
0168,608.5,424.5
0168,800.5,411.5
0168,768.5,305.5
0168,701.5,441.5
0168,735.5,270.5
0168,689.5,246.5
0171,814.5,357.5
0171,700.5,444.5
0171,689.5,296.5
0171,794.5,331.5
0171,804.5,404.5
0171,746.5,251.5
0171,786.5,380.5
0171,706.5,404.5
0171,606.5,420.5
0171,689.5,247.5
0171,702.5,351.5
0171,597.5,392.5
0171,615.5,339.5
0171,769.5,271.5
0171,770.5,304.5
0174,770.5,303.5
0174,690.5,296.5
0174,707.5,405.5
0174,596.5,395.5
0174,701.5,351.5
0174,658.5,253.5
0174,803.5,406.5
0174,793.5,315.5
0174,792.5,381.5
0174,736.5,262.5
0174,615.5,342.5
0174,609.5,422.5
0174,813.5,357.5
0174,773.5,273.5
0174,698.5,446.5
0177,646.5,259.5
0177,797.5,297.5
0177,812.5,335.5
0177,702.5,349.5
0177,786.5,379.5
0177,699.5,445.5
0177,667.5,279.5
0177,609.5,421.5
0177,803.5,405.5
0177,707.5,404.5
0177,599.5,376.5
0177,765.5,304.5
0177,772.5,274.5
0177,620.5,351.5
0177,719.5,255.5
0179,601.5,376.5
0179,656.5,261.5
0179,810.5,326.5
0179,690.5,431.5
0179,793.5,291.5
0179,702.5,350.5
0179,708.5,403.5
0179,765.5,304.5
0179,771.5,272.5
0179,787.5,377.5
0179,642.5,394.5
0179,604.5,415.5
0179,628.5,271.5
0179,807.5,399.5
0179,692.5,261.5
0180,661.5,418.5
0180,793.5,291.5
0180,691.5,429.5
0180,604.5,364.5
0180,765.5,303.5
0180,630.5,271.5
0180,709.5,402.5
0180,654.5,255.5
0180,806.5,397.5
0180,786.5,376.5
0180,702.5,350.5
0180,684.5,268.5
0180,773.5,274.5
0180,604.5,414.5
0180,809.5,327.5
0182,796.5,296.5
0182,662.5,426.5
0182,659.5,254.5
0182,604.5,413.5
0182,709.5,402.5
0182,769.5,304.5
0182,631.5,272.5
0182,787.5,376.5
0182,702.5,350.5
0182,795.5,419.5
0182,695.5,427.5
0182,810.5,324.5
0182,608.5,311.5
0182,690.5,262.5
0182,772.5,275.5
0183,786.5,376.5
0183,598.5,403.5
0183,702.5,350.5
0183,795.5,424.5
0183,662.5,249.5
0183,605.5,300.5
0183,809.5,324.5
0183,691.5,429.5
0183,772.5,275.5
0183,796.5,297.5
0183,706.5,402.5
0183,688.5,263.5
0183,633.5,267.5
0183,770.5,303.5
0183,661.5,425.5
0185,599.5,401.5
0185,695.5,427.5
0185,702.5,350.5
0185,636.5,265.5
0185,703.5,243.5
0185,805.5,356.5
0185,796.5,297.5
0185,663.5,426.5
0185,769.5,302.5
0185,710.5,400.5
0185,799.5,416.5
0185,811.5,328.5
0185,768.5,272.5
0185,666.5,253.5
0185,607.5,298.5
0187,599.5,401.5
0187,664.5,412.5
0187,736.5,400.5
0187,765.5,305.5
0187,712.5,243.5
0187,703.5,419.5
0187,811.5,330.5
0187,703.5,352.5
0187,636.5,265.5
0187,677.5,249.5
0187,800.5,298.5
0187,771.5,272.5
0187,805.5,405.5
0187,812.5,356.5
0187,607.5,300.5
0188,702.5,421.5
0188,749.5,403.5
0188,599.5,401.5
0188,810.5,328.5
0188,677.5,248.5
0188,801.5,411.5
0188,799.5,297.5
0188,767.5,304.5
0188,702.5,350.5
0188,811.5,355.5
0188,648.5,407.5
0188,771.5,271.5
0188,606.5,297.5
0188,711.5,247.5
0188,638.5,268.5
0189,631.5,406.5
0189,798.5,412.5
0189,716.5,244.5
0189,636.5,265.5
0189,813.5,329.5
0189,795.5,297.5
0189,602.5,405.5
0189,769.5,408.5
0189,812.5,355.5
0189,766.5,274.5
0189,701.5,352.5
0189,713.5,420.5
0189,766.5,304.5
0189,676.5,249.5
0189,607.5,298.5
0190,599.5,405.5
0190,769.5,402.5
0190,809.5,322.5
0190,702.5,350.5
0190,606.5,300.5
0190,766.5,306.5
0190,813.5,356.5
0190,768.5,264.5
0190,636.5,264.5
0190,715.5,416.5
0190,798.5,412.5
0190,798.5,296.5
0190,714.5,245.5
0190,678.5,248.5
0190,631.5,405.5
0191,764.5,306.5
0191,717.5,415.5
0191,754.5,389.5
0191,628.5,389.5
0191,806.5,315.5
0191,601.5,405.5
0191,791.5,288.5
0191,675.5,245.5
0191,799.5,414.5
0191,812.5,351.5
0191,769.5,265.5
0191,629.5,272.5
0191,702.5,350.5
0191,705.5,247.5
0191,607.5,298.5
0197,785.5,278.5
0197,702.5,349.5
0197,671.5,247.5
0197,789.5,371.5
0197,590.5,367.5
0197,751.5,275.5
0197,607.5,300.5
0197,716.5,246.5
0197,809.5,401.5
0197,734.5,394.5
0197,607.5,394.5
0197,801.5,300.5
0197,622.5,274.5
0197,715.5,416.5
0197,762.5,306.5
0199,591.5,369.5
0199,606.5,396.5
0199,782.5,272.5
0199,693.5,245.5
0199,624.5,277.5
0199,806.5,400.5
0199,701.5,352.5
0199,793.5,298.5
0199,787.5,371.5
0199,604.5,297.5
0199,729.5,297.5
0199,722.5,249.5
0199,715.5,416.5
0199,737.5,393.5
0199,751.5,274.5
0200,591.5,369.5
0200,736.5,393.5
0200,805.5,402.5
0200,606.5,396.5
0200,624.5,275.5
0200,717.5,412.5
0200,788.5,370.5
0200,603.5,301.5
0200,726.5,247.5
0200,777.5,269.5
0200,691.5,246.5
0200,699.5,357.5
0200,729.5,297.5
0200,789.5,296.5
0200,746.5,272.5
0201,591.5,369.5
0201,606.5,396.5
0201,791.5,378.5
0201,622.5,274.5
0201,692.5,373.5
0201,604.5,302.5
0201,691.5,249.5
0201,744.5,271.5
0201,805.5,402.5
0201,735.5,392.5
0201,727.5,297.5
0201,771.5,266.5
0201,781.5,297.5
0201,721.5,245.5
0201,717.5,415.5
0202,591.5,369.5
0202,688.5,244.5
0202,794.5,376.5
0202,606.5,396.5
0202,744.5,270.5
0202,802.5,409.5
0202,772.5,265.5
0202,720.5,246.5
0202,604.5,301.5
0202,681.5,381.5
0202,718.5,297.5
0202,715.5,416.5
0202,767.5,296.5
0202,735.5,393.5
0202,624.5,274.5
0203,591.5,369.5
0203,736.5,393.5
0203,623.5,276.5
0203,604.5,302.5
0203,606.5,396.5
0203,795.5,417.5
0203,803.5,371.5
0203,658.5,392.5
0203,693.5,249.5
0203,757.5,297.5
0203,773.5,268.5
0203,715.5,305.5
0203,716.5,416.5
0203,742.5,272.5
0203,723.5,247.5
0204,591.5,369.5
0204,606.5,396.5
0204,758.5,299.5
0204,803.5,418.5
0204,604.5,302.5
0204,735.5,392.5
0204,721.5,303.5
0204,731.5,248.5
0204,623.5,275.5
0204,811.5,385.5
0204,743.5,275.5
0204,776.5,268.5
0204,701.5,247.5
0204,640.5,395.5
0204,716.5,416.5
0205,591.5,369.5
0205,710.5,295.5
0205,794.5,420.5
0205,623.5,275.5
0205,808.5,394.5
0205,736.5,394.5
0205,604.5,302.5
0205,775.5,267.5
0205,638.5,392.5
0205,736.5,278.5
0205,715.5,416.5
0205,698.5,252.5
0205,731.5,251.5
0205,606.5,395.5
0205,758.5,302.5
0208,736.5,393.5
0208,759.5,301.5
0208,605.5,398.5
0208,685.5,319.5
0208,623.5,276.5
0208,592.5,372.5
0208,764.5,268.5
0208,791.5,428.5
0208,733.5,247.5
0208,704.5,269.5
0208,715.5,416.5
0208,604.5,301.5
0208,712.5,305.5
0208,808.5,404.5
0208,639.5,395.5
0212,623.5,276.5
0212,633.5,385.5
0212,727.5,246.5
0212,787.5,433.5
0212,699.5,274.5
0212,712.5,304.5
0212,716.5,416.5
0212,804.5,405.5
0212,606.5,397.5
0212,594.5,371.5
0212,726.5,341.5
0212,734.5,284.5
0212,736.5,395.5
0212,761.5,304.5
0212,604.5,301.5
0213,734.5,284.5
0213,804.5,405.5
0213,592.5,370.5
0213,713.5,303.5
0213,623.5,275.5
0213,736.5,396.5
0213,790.5,430.5
0213,716.5,416.5
0213,629.5,380.5
0213,713.5,250.5
0213,603.5,302.5
0213,761.5,297.5
0213,607.5,399.5
0213,698.5,276.5
0213,751.5,346.5
0214,789.5,433.5
0214,803.5,406.5
0214,623.5,276.5
0214,739.5,283.5
0214,698.5,274.5
0214,606.5,397.5
0214,592.5,370.5
0214,770.5,286.5
0214,718.5,415.5
0214,629.5,380.5
0214,701.5,242.5
0214,712.5,304.5
0214,734.5,394.5
0214,777.5,343.5
0214,605.5,302.5
0215,736.5,393.5
0215,623.5,276.5
0215,790.5,437.5
0215,697.5,242.5
0215,630.5,379.5
0215,698.5,274.5
0215,713.5,303.5
0215,592.5,372.5
0215,769.5,276.5
0215,605.5,400.5
0215,778.5,346.5
0215,741.5,293.5
0215,603.5,300.5
0215,803.5,405.5
0215,717.5,415.5
0216,591.5,371.5
0216,793.5,431.5
0216,802.5,405.5
0216,716.5,416.5
0216,623.5,277.5
0216,629.5,380.5
0216,747.5,300.5
0216,775.5,272.5
0216,699.5,244.5
0216,605.5,398.5
0216,777.5,345.5
0216,698.5,273.5
0216,604.5,300.5
0216,734.5,394.5
0216,713.5,303.5
0217,788.5,431.5
0217,606.5,400.5
0217,801.5,399.5
0217,628.5,379.5
0217,772.5,268.5
0217,592.5,373.5
0217,716.5,416.5
0217,601.5,304.5
0217,678.5,246.5
0217,622.5,276.5
0217,734.5,393.5
0217,748.5,301.5
0217,778.5,346.5
0217,700.5,273.5
0217,713.5,303.5
0218,592.5,372.5
0218,788.5,434.5
0218,712.5,304.5
0218,735.5,392.5
0218,623.5,278.5
0218,699.5,275.5
0218,748.5,300.5
0218,664.5,253.5
0218,602.5,301.5
0218,606.5,400.5
0218,777.5,347.5
0218,776.5,270.5
0218,715.5,418.5
0218,627.5,380.5
0218,799.5,404.5
0219,603.5,303.5
0219,591.5,373.5
0219,654.5,252.5
0219,805.5,404.5
0219,713.5,303.5
0219,751.5,297.5
0219,620.5,277.5
0219,629.5,380.5
0219,716.5,414.5
0219,788.5,430.5
0219,773.5,272.5
0219,608.5,399.5
0219,699.5,275.5
0219,734.5,394.5
0219,795.5,341.5
0220,651.5,256.5
0220,591.5,373.5
0220,810.5,389.5
0220,606.5,399.5
0220,699.5,274.5
0220,629.5,379.5
0220,811.5,335.5
0220,794.5,419.5
0220,713.5,303.5
0220,752.5,300.5
0220,622.5,276.5
0220,715.5,416.5
0220,604.5,304.5
0220,734.5,394.5
0220,766.5,273.5
0222,695.5,271.5
0222,786.5,411.5
0222,605.5,303.5
0222,809.5,391.5
0222,629.5,380.5
0222,716.5,416.5
0222,766.5,272.5
0222,622.5,279.5
0222,812.5,335.5
0222,711.5,303.5
0222,593.5,373.5
0222,606.5,398.5
0222,664.5,257.5
0222,737.5,393.5
0222,741.5,312.5
0223,628.5,379.5
0223,743.5,325.5
0223,606.5,398.5
0223,716.5,416.5
0223,607.5,302.5
0223,622.5,279.5
0223,591.5,371.5
0223,669.5,253.5
0223,812.5,335.5
0223,712.5,305.5
0223,767.5,271.5
0223,787.5,410.5
0223,811.5,391.5
0223,735.5,390.5
0223,692.5,271.5
0225,590.5,360.5
0225,812.5,334.5
0225,705.5,259.5
0225,766.5,273.5
0225,605.5,303.5
0225,629.5,380.5
0225,788.5,410.5
0225,810.5,389.5
0225,622.5,279.5
0225,753.5,366.5
0225,659.5,255.5
0225,742.5,429.5
0225,737.5,392.5
0225,607.5,399.5
0225,711.5,303.5
0226,810.5,389.5
0226,736.5,393.5
0226,718.5,258.5
0226,788.5,410.5
0226,766.5,272.5
0226,629.5,380.5
0226,605.5,301.5
0226,622.5,279.5
0226,590.5,359.5
0226,608.5,399.5
0226,761.5,384.5
0226,661.5,253.5
0226,713.5,303.5
0226,744.5,421.5
0226,812.5,335.5
0227,763.5,275.5
0227,588.5,359.5
0227,605.5,303.5
0227,812.5,334.5
0227,762.5,397.5
0227,733.5,391.5
0227,736.5,422.5
0227,788.5,413.5
0227,660.5,253.5
0227,606.5,401.5
0227,629.5,380.5
0227,622.5,279.5
0227,713.5,303.5
0227,808.5,388.5
0227,731.5,252.5
0228,763.5,411.5
0228,804.5,382.5
0228,606.5,398.5
0228,734.5,388.5
0228,813.5,338.5
0228,712.5,304.5
0228,660.5,250.5
0228,589.5,359.5
0228,628.5,378.5
0228,791.5,412.5
0228,765.5,293.5
0228,736.5,248.5
0228,604.5,304.5
0228,729.5,419.5
0228,620.5,279.5
0229,630.5,378.5
0229,748.5,258.5
0229,770.5,425.5
0229,716.5,417.5
0229,773.5,321.5
0229,589.5,359.5
0229,604.5,305.5
0229,662.5,254.5
0229,799.5,417.5
0229,812.5,335.5
0229,797.5,380.5
0229,605.5,400.5
0229,708.5,306.5
0229,733.5,386.5
0229,623.5,279.5
0230,785.5,343.5
0230,780.5,438.5
0230,735.5,388.5
0230,801.5,410.5
0230,620.5,280.5
0230,629.5,380.5
0230,682.5,300.5
0230,708.5,429.5
0230,812.5,335.5
0230,660.5,254.5
0230,744.5,263.5
0230,794.5,375.5
0230,604.5,307.5
0230,606.5,402.5
0230,589.5,360.5
0231,789.5,352.5
0231,735.5,388.5
0231,796.5,383.5
0231,630.5,378.5
0231,605.5,315.5
0231,816.5,334.5
0231,589.5,359.5
0231,801.5,420.5
0231,662.5,281.5
0231,606.5,400.5
0231,659.5,252.5
0231,716.5,436.5
0231,743.5,261.5
0231,777.5,443.5
0231,632.5,289.5
0232,735.5,388.5
0232,592.5,363.5
0232,789.5,352.5
0232,663.5,281.5
0232,662.5,251.5
0232,710.5,457.5
0232,768.5,450.5
0232,793.5,384.5
0232,630.5,377.5
0232,743.5,263.5
0232,790.5,428.5
0232,606.5,400.5
0232,599.5,317.5
0232,630.5,299.5
0232,812.5,335.5
0233,619.5,370.5
0233,734.5,387.5
0233,641.5,311.5
0233,704.5,469.5
0233,812.5,335.5
0233,597.5,321.5
0233,797.5,418.5
0233,654.5,282.5
0233,589.5,355.5
0233,764.5,452.5
0233,607.5,400.5
0233,791.5,352.5
0233,793.5,382.5
0233,739.5,266.5
0233,659.5,254.5
0234,729.5,285.5
0234,593.5,355.5
0234,734.5,387.5
0234,617.5,373.5
0234,805.5,405.5
0234,758.5,456.5
0234,787.5,350.5
0234,812.5,335.5
0234,782.5,382.5
0234,655.5,277.5
0234,596.5,323.5
0234,606.5,401.5
0234,703.5,470.5
0234,652.5,323.5
0234,661.5,255.5
0236,759.5,456.5
0236,734.5,387.5
0236,605.5,400.5
0236,809.5,337.5
0236,652.5,318.5
0236,721.5,299.5
0236,804.5,405.5
0236,593.5,328.5
0236,618.5,373.5
0236,655.5,283.5
0236,770.5,414.5
0236,589.5,360.5
0236,782.5,344.5
0236,704.5,470.5
0236,660.5,254.5
0237,617.5,373.5
0237,735.5,388.5
0237,777.5,420.5
0237,769.5,334.5
0237,704.5,469.5
0237,656.5,282.5
0237,812.5,337.5
0237,720.5,299.5
0237,589.5,360.5
0237,593.5,328.5
0237,648.5,327.5
0237,603.5,399.5
0237,756.5,459.5
0237,802.5,407.5
0237,661.5,254.5
0238,637.5,337.5
0238,776.5,412.5
0238,747.5,324.5
0238,805.5,403.5
0238,733.5,386.5
0238,809.5,337.5
0238,593.5,328.5
0238,607.5,401.5
0238,617.5,372.5
0238,589.5,358.5
0238,706.5,469.5
0238,716.5,296.5
0238,655.5,283.5
0238,747.5,451.5
0238,660.5,254.5
0239,620.5,341.5
0239,748.5,437.5
0239,617.5,372.5
0239,806.5,400.5
0239,735.5,388.5
0239,654.5,282.5
0239,607.5,401.5
0239,774.5,397.5
0239,724.5,289.5
0239,588.5,358.5
0239,704.5,470.5
0239,660.5,253.5
0239,812.5,334.5
0239,593.5,328.5
0239,729.5,318.5
0240,754.5,428.5
0240,734.5,387.5
0240,586.5,360.5
0240,720.5,320.5
0240,616.5,372.5
0240,780.5,391.5
0240,591.5,328.5
0240,662.5,250.5
0240,810.5,389.5
0240,813.5,336.5
0240,604.5,400.5
0240,702.5,469.5
0240,620.5,343.5
0240,656.5,283.5
0240,722.5,289.5
0243,594.5,329.5
0243,623.5,350.5
0243,606.5,400.5
0243,704.5,334.5
0243,773.5,396.5
0243,810.5,384.5
0243,813.5,336.5
0243,624.5,382.5
0243,704.5,470.5
0243,735.5,388.5
0243,590.5,358.5
0243,655.5,281.5
0243,764.5,426.5
0243,722.5,289.5
0243,665.5,250.5
0244,591.5,366.5
0244,616.5,351.5
0244,734.5,387.5
0244,767.5,396.5
0244,606.5,400.5
0244,813.5,338.5
0244,811.5,377.5
0244,596.5,328.5
0244,728.5,291.5
0244,764.5,427.5
0244,627.5,382.5
0244,663.5,252.5
0244,655.5,283.5
0244,691.5,345.5
0244,703.5,470.5
0247,622.5,354.5
0247,734.5,387.5
0247,791.5,421.5
0247,679.5,341.5
0247,704.5,294.5
0247,606.5,401.5
0247,592.5,369.5
0247,812.5,337.5
0247,604.5,305.5
0247,814.5,369.5
0247,625.5,288.5
0247,770.5,440.5
0247,702.5,469.5
0247,627.5,384.5
0247,667.5,249.5
0248,773.5,446.5
0248,631.5,295.5
0248,604.5,306.5
0248,685.5,287.5
0248,735.5,388.5
0248,799.5,416.5
0248,592.5,369.5
0248,679.5,341.5
0248,620.5,355.5
0248,606.5,403.5
0248,814.5,362.5
0248,629.5,384.5
0248,810.5,335.5
0248,671.5,247.5
0248,702.5,469.5
0249,591.5,368.5
0249,735.5,388.5
0249,807.5,404.5
0249,607.5,403.5
0249,629.5,288.5
0249,774.5,442.5
0249,620.5,353.5
0249,675.5,335.5
0249,703.5,469.5
0249,812.5,363.5
0249,671.5,247.5
0249,675.5,300.5
0249,603.5,305.5
0249,636.5,391.5
0249,810.5,333.5
0250,591.5,368.5
0250,812.5,336.5
0250,670.5,330.5
0250,702.5,469.5
0250,626.5,363.5
0250,732.5,387.5
0250,646.5,396.5
0250,632.5,277.5
0250,604.5,401.5
0250,672.5,300.5
0250,600.5,304.5
0250,809.5,394.5
0250,671.5,247.5
0250,777.5,442.5
0250,811.5,362.5
0251,775.5,444.5
0251,589.5,360.5
0251,811.5,334.5
0251,596.5,390.5
0251,734.5,386.5
0251,806.5,394.5
0251,813.5,364.5
0251,603.5,309.5
0251,663.5,329.5
0251,679.5,301.5
0251,631.5,398.5
0251,692.5,460.5
0251,620.5,283.5
0251,626.5,367.5
0251,677.5,247.5
0252,751.5,400.5
0252,808.5,393.5
0252,590.5,354.5
0252,621.5,367.5
0252,603.5,308.5
0252,623.5,287.5
0252,592.5,384.5
0252,659.5,313.5
0252,811.5,365.5
0252,682.5,296.5
0252,682.5,244.5
0252,776.5,443.5
0252,624.5,399.5
0252,692.5,449.5
0252,812.5,333.5
0253,592.5,354.5
0253,592.5,381.5
0253,808.5,393.5
0253,695.5,451.5
0253,809.5,333.5
0253,601.5,309.5
0253,621.5,366.5
0253,621.5,397.5
0253,680.5,245.5
0253,643.5,302.5
0253,812.5,367.5
0253,620.5,281.5
0253,767.5,391.5
0253,685.5,293.5
0253,776.5,443.5
0254,594.5,386.5
0254,638.5,306.5
0254,684.5,293.5
0254,813.5,364.5
0254,777.5,442.5
0254,620.5,395.5
0254,680.5,244.5
0254,602.5,310.5
0254,807.5,393.5
0254,589.5,351.5
0254,622.5,366.5
0254,693.5,451.5
0254,813.5,336.5
0254,624.5,280.5
0254,765.5,392.5
0255,814.5,364.5
0255,593.5,380.5
0255,809.5,396.5
0255,633.5,358.5
0255,605.5,308.5
0255,816.5,337.5
0255,695.5,451.5
0255,685.5,292.5
0255,590.5,349.5
0255,765.5,391.5
0255,774.5,440.5
0255,622.5,388.5
0255,623.5,279.5
0255,681.5,246.5
0255,629.5,307.5
0256,684.5,293.5
0256,695.5,451.5
0256,813.5,332.5
0256,622.5,385.5
0256,761.5,378.5
0256,811.5,391.5
0256,630.5,306.5
0256,815.5,367.5
0256,621.5,279.5
0256,592.5,376.5
0256,649.5,353.5
0256,683.5,243.5
0256,591.5,342.5
0256,601.5,312.5
0256,777.5,442.5
0257,591.5,344.5
0257,810.5,336.5
0257,695.5,451.5
0257,630.5,307.5
0257,748.5,358.5
0257,592.5,376.5
0257,815.5,369.5
0257,602.5,311.5
0257,688.5,298.5
0257,623.5,384.5
0257,681.5,246.5
0257,809.5,394.5
0257,648.5,354.5
0257,622.5,275.5
0257,777.5,444.5
0259,589.5,372.5
0259,649.5,352.5
0259,591.5,342.5
0259,775.5,443.5
0259,816.5,366.5
0259,694.5,450.5
0259,700.5,328.5
0259,624.5,277.5
0259,600.5,312.5
0259,623.5,384.5
0259,808.5,392.5
0259,684.5,246.5
0259,813.5,331.5
0259,630.5,306.5
0259,747.5,354.5
0260,810.5,334.5
0260,590.5,372.5
0260,809.5,366.5
0260,600.5,314.5
0260,695.5,451.5
0260,649.5,352.5
0260,628.5,307.5
0260,747.5,353.5
0260,623.5,376.5
0260,620.5,277.5
0260,710.5,326.5
0260,776.5,441.5
0260,808.5,394.5
0260,686.5,245.5
0260,588.5,342.5
0261,592.5,374.5
0261,807.5,395.5
0261,747.5,353.5
0261,633.5,313.5
0261,656.5,354.5
0261,814.5,368.5
0261,776.5,441.5
0261,593.5,341.5
0261,599.5,311.5
0261,628.5,364.5
0261,694.5,450.5
0261,685.5,246.5
0261,714.5,314.5
0261,811.5,334.5
0261,624.5,278.5
0262,775.5,444.5
0262,716.5,298.5
0262,645.5,305.5
0262,809.5,397.5
0262,814.5,333.5
0262,695.5,451.5
0262,595.5,316.5
0262,746.5,353.5
0262,634.5,343.5
0262,669.5,341.5
0262,815.5,367.5
0262,590.5,347.5
0262,623.5,277.5
0262,591.5,377.5
0262,687.5,246.5
0263,650.5,292.5
0263,590.5,346.5
0263,815.5,366.5
0263,607.5,317.5
0263,620.5,280.5
0263,730.5,290.5
0263,810.5,335.5
0263,776.5,441.5
0263,671.5,328.5
0263,748.5,353.5
0263,591.5,378.5
0263,640.5,323.5
0263,803.5,404.5
0263,694.5,450.5
0263,683.5,245.5
0264,590.5,346.5
0264,735.5,288.5
0264,747.5,353.5
0264,799.5,408.5
0264,593.5,381.5
0264,627.5,271.5
0264,670.5,318.5
0264,682.5,244.5
0264,613.5,329.5
0264,775.5,442.5
0264,810.5,333.5
0264,639.5,319.5
0264,654.5,287.5
0264,815.5,371.5
0264,695.5,450.5
0265,590.5,346.5
0265,596.5,387.5
0265,734.5,289.5
0265,814.5,330.5
0265,641.5,318.5
0265,695.5,451.5
0265,747.5,353.5
0265,798.5,409.5
0265,656.5,293.5
0265,633.5,267.5
0265,775.5,442.5
0265,815.5,365.5
0265,685.5,246.5
0265,625.5,340.5
0265,669.5,318.5
0267,606.5,374.5
0267,590.5,346.5
0267,694.5,450.5
0267,812.5,331.5
0267,673.5,320.5
0267,789.5,419.5
0267,643.5,293.5
0267,736.5,286.5
0267,685.5,246.5
0267,815.5,364.5
0267,657.5,258.5
0267,621.5,317.5
0267,771.5,450.5
0267,746.5,353.5
0267,648.5,368.5
0268,590.5,353.5
0268,612.5,376.5
0268,815.5,361.5
0268,787.5,422.5
0268,735.5,288.5
0268,664.5,263.5
0268,812.5,334.5
0268,635.5,310.5
0268,689.5,243.5
0268,696.5,450.5
0268,667.5,382.5
0268,775.5,444.5
0268,607.5,321.5
0268,747.5,354.5
0268,672.5,321.5
0270,769.5,443.5
0270,673.5,320.5
0270,810.5,378.5
0270,816.5,342.5
0270,696.5,450.5
0270,746.5,352.5
0270,686.5,389.5
0270,590.5,359.5
0270,735.5,287.5
0270,791.5,425.5
0270,607.5,400.5
0270,689.5,246.5
0270,641.5,309.5
0270,607.5,320.5
0270,681.5,282.5
0272,731.5,348.5
0272,637.5,325.5
0272,695.5,451.5
0272,792.5,427.5
0272,671.5,318.5
0272,609.5,417.5
0272,589.5,361.5
0272,771.5,446.5
0272,684.5,391.5
0272,734.5,286.5
0272,813.5,340.5
0272,805.5,384.5
0272,608.5,320.5
0272,695.5,244.5
0272,682.5,282.5
0275,732.5,348.5
0275,740.5,299.5
0275,606.5,322.5
0275,765.5,435.5
0275,814.5,343.5
0275,634.5,336.5
0275,803.5,386.5
0275,609.5,417.5
0275,685.5,391.5
0275,695.5,451.5
0275,704.5,244.5
0275,795.5,416.5
0275,662.5,314.5
0275,589.5,375.5
0275,684.5,294.5
0277,732.5,348.5
0277,695.5,451.5
0277,766.5,426.5
0277,783.5,401.5
0277,684.5,390.5
0277,686.5,299.5
0277,731.5,314.5
0277,592.5,376.5
0277,617.5,357.5
0277,609.5,417.5
0277,812.5,342.5
0277,704.5,244.5
0277,805.5,380.5
0277,662.5,316.5
0277,603.5,319.5
0278,812.5,341.5
0278,763.5,413.5
0278,607.5,416.5
0278,686.5,300.5
0278,617.5,357.5
0278,806.5,381.5
0278,777.5,385.5
0278,684.5,393.5
0278,722.5,321.5
0278,732.5,348.5
0278,698.5,448.5
0278,592.5,373.5
0278,605.5,321.5
0278,660.5,314.5
0278,704.5,243.5
0279,805.5,382.5
0279,712.5,327.5
0279,609.5,417.5
0279,617.5,357.5
0279,684.5,391.5
0279,752.5,407.5
0279,813.5,340.5
0279,686.5,299.5
0279,703.5,243.5
0279,594.5,370.5
0279,694.5,450.5
0279,659.5,313.5
0279,604.5,319.5
0279,775.5,361.5
0279,732.5,348.5
0281,704.5,330.5
0281,748.5,410.5
0281,806.5,380.5
0281,605.5,319.5
0281,685.5,390.5
0281,658.5,315.5
0281,694.5,449.5
0281,616.5,356.5
0281,686.5,299.5
0281,702.5,244.5
0281,609.5,417.5
0281,814.5,340.5
0281,594.5,370.5
0281,732.5,349.5
0281,756.5,294.5
0282,749.5,409.5
0282,604.5,322.5
0282,732.5,349.5
0282,652.5,322.5
0282,809.5,386.5
0282,609.5,417.5
0282,684.5,391.5
0282,684.5,299.5
0282,591.5,370.5
0282,683.5,342.5
0282,616.5,359.5
0282,811.5,342.5
0282,703.5,243.5
0282,694.5,450.5
0282,751.5,284.5
0283,748.5,410.5
0283,685.5,299.5
0283,808.5,396.5
0283,593.5,372.5
0283,670.5,355.5
0283,704.5,244.5
0283,605.5,320.5
0283,692.5,450.5
0283,651.5,330.5
0283,684.5,393.5
0283,609.5,417.5
0283,753.5,283.5
0283,731.5,350.5
0283,812.5,341.5
0283,618.5,359.5
0284,704.5,244.5
0284,749.5,409.5
0284,685.5,390.5
0284,590.5,369.5
0284,649.5,329.5
0284,807.5,398.5
0284,686.5,300.5
0284,669.5,357.5
0284,615.5,358.5
0284,730.5,348.5
0284,812.5,341.5
0284,608.5,416.5
0284,694.5,450.5
0284,752.5,283.5
0284,605.5,321.5
0286,749.5,409.5
0286,685.5,390.5
0286,669.5,357.5
0286,694.5,449.5
0286,684.5,300.5
0286,609.5,417.5
0286,795.5,393.5
0286,814.5,343.5
0286,730.5,348.5
0286,607.5,319.5
0286,594.5,371.5
0286,615.5,362.5
0286,652.5,330.5
0286,752.5,283.5
0286,701.5,246.5
0287,592.5,372.5
0287,620.5,367.5
0287,685.5,390.5
0287,686.5,299.5
0287,609.5,417.5
0287,606.5,320.5
0287,650.5,329.5
0287,746.5,409.5
0287,732.5,348.5
0287,816.5,341.5
0287,670.5,358.5
0287,695.5,450.5
0287,705.5,245.5
0287,751.5,284.5
0287,795.5,392.5
0288,591.5,373.5
0288,749.5,409.5
0288,813.5,340.5
0288,684.5,301.5
0288,693.5,451.5
0288,609.5,417.5
0288,619.5,371.5
0288,643.5,341.5
0288,794.5,393.5
0288,687.5,389.5
0288,603.5,319.5
0288,672.5,356.5
0288,752.5,283.5
0288,705.5,244.5
0288,730.5,350.5
0293,749.5,409.5
0293,604.5,317.5
0293,616.5,346.5
0293,685.5,390.5
0293,589.5,357.5
0293,685.5,299.5
0293,704.5,244.5
0293,607.5,417.5
0293,815.5,341.5
0293,668.5,355.5
0293,749.5,282.5
0293,619.5,373.5
0293,694.5,449.5
0293,731.5,348.5
0293,793.5,393.5
0294,685.5,299.5
0294,591.5,362.5
0294,749.5,409.5
0294,667.5,357.5
0294,602.5,318.5
0294,616.5,347.5
0294,694.5,449.5
0294,704.5,244.5
0294,814.5,342.5
0294,609.5,417.5
0294,687.5,391.5
0294,793.5,393.5
0294,618.5,372.5
0294,730.5,348.5
0294,753.5,283.5
0297,749.5,409.5
0297,618.5,373.5
0297,602.5,319.5
0297,591.5,362.5
0297,667.5,358.5
0297,694.5,450.5
0297,685.5,391.5
0297,812.5,342.5
0297,616.5,347.5
0297,608.5,416.5
0297,793.5,393.5
0297,684.5,299.5
0297,732.5,349.5
0297,703.5,243.5
0297,752.5,283.5
0298,749.5,409.5
0298,590.5,361.5
0298,615.5,346.5
0298,616.5,370.5
0298,684.5,299.5
0298,813.5,344.5
0298,704.5,245.5
0298,685.5,391.5
0298,607.5,416.5
0298,604.5,318.5
0298,694.5,450.5
0298,669.5,356.5
0298,752.5,283.5
0298,731.5,350.5
0298,793.5,393.5
0299,816.5,341.5
0299,604.5,318.5
0299,749.5,409.5
0299,685.5,391.5
0299,607.5,416.5
0299,694.5,449.5
0299,591.5,362.5
0299,620.5,375.5
0299,703.5,244.5
0299,669.5,357.5
0299,615.5,346.5
0299,794.5,394.5
0299,685.5,299.5
0299,752.5,283.5
0299,731.5,348.5
0300,616.5,348.5
0300,749.5,409.5
0300,813.5,340.5
0300,609.5,417.5
0300,669.5,357.5
0300,732.5,349.5
0300,684.5,390.5
0300,704.5,242.5
0300,587.5,363.5
0300,618.5,372.5
0300,684.5,301.5
0300,605.5,316.5
0300,795.5,392.5
0300,751.5,281.5
0300,695.5,450.5
0301,616.5,346.5
0301,695.5,451.5
0301,609.5,417.5
0301,749.5,407.5
0301,687.5,391.5
0301,590.5,359.5
0301,730.5,348.5
0301,669.5,356.5
0301,685.5,299.5
0301,603.5,316.5
0301,816.5,343.5
0301,618.5,372.5
0301,703.5,245.5
0301,794.5,395.5
0301,752.5,283.5
0306,749.5,409.5
0306,616.5,346.5
0306,590.5,359.5
0306,684.5,393.5
0306,684.5,301.5
0306,609.5,417.5
0306,732.5,348.5
0306,793.5,393.5
0306,704.5,244.5
0306,813.5,340.5
0306,603.5,320.5
0306,620.5,373.5
0306,669.5,357.5
0306,696.5,451.5
0306,751.5,279.5
0307,749.5,409.5
0307,616.5,346.5
0307,668.5,356.5
0307,704.5,245.5
0307,606.5,417.5
0307,694.5,452.5
0307,604.5,317.5
0307,684.5,301.5
0307,814.5,340.5
0307,591.5,360.5
0307,621.5,375.5
0307,794.5,394.5
0307,686.5,389.5
0307,732.5,348.5
0307,755.5,283.5
0308,749.5,409.5
0308,812.5,342.5
0308,695.5,451.5
0308,603.5,320.5
0308,703.5,242.5
0308,668.5,355.5
0308,686.5,299.5
0308,615.5,346.5
0308,684.5,391.5
0308,793.5,393.5
0308,591.5,362.5
0308,618.5,372.5
0308,752.5,283.5
0308,729.5,348.5
0308,608.5,417.5
0309,814.5,340.5
0309,749.5,409.5
0309,693.5,451.5
0309,615.5,346.5
0309,669.5,357.5
0309,620.5,372.5
0309,590.5,359.5
0309,607.5,416.5
0309,684.5,390.5
0309,684.5,300.5
0309,732.5,348.5
0309,703.5,244.5
0309,793.5,393.5
0309,752.5,283.5
0309,602.5,319.5
0312,685.5,390.5
0312,749.5,409.5
0312,617.5,372.5
0312,669.5,357.5
0312,695.5,451.5
0312,813.5,344.5
0312,609.5,419.5
0312,605.5,319.5
0312,704.5,244.5
0312,591.5,362.5
0312,793.5,393.5
0312,617.5,343.5
0312,752.5,283.5
0312,730.5,347.5
0312,685.5,301.5
0313,608.5,417.5
0313,748.5,410.5
0313,813.5,340.5
0313,620.5,373.5
0313,590.5,359.5
0313,618.5,346.5
0313,684.5,391.5
0313,685.5,299.5
0313,670.5,355.5
0313,730.5,348.5
0313,704.5,244.5
0313,752.5,283.5
0313,794.5,395.5
0313,606.5,317.5
0313,693.5,449.5
0318,748.5,410.5
0318,685.5,390.5
0318,591.5,360.5
0318,607.5,416.5
0318,793.5,393.5
0318,669.5,357.5
0318,614.5,346.5
0318,751.5,282.5
0318,813.5,341.5
0318,686.5,301.5
0318,617.5,371.5
0318,703.5,243.5
0318,603.5,318.5
0318,694.5,450.5
0318,732.5,350.5
0319,749.5,409.5
0319,608.5,416.5
0319,751.5,283.5
0319,687.5,391.5
0319,602.5,318.5
0319,816.5,343.5
0319,794.5,393.5
0319,591.5,360.5
0319,618.5,372.5
0319,732.5,348.5
0319,616.5,347.5
0319,669.5,357.5
0319,704.5,244.5
0319,686.5,299.5
0319,695.5,449.5
0320,702.5,242.5
0320,815.5,342.5
0320,608.5,416.5
0320,732.5,349.5
0320,685.5,390.5
0320,753.5,282.5
0320,604.5,317.5
0320,589.5,360.5
0320,621.5,374.5
0320,669.5,357.5
0320,748.5,409.5
0320,793.5,395.5
0320,694.5,451.5
0320,615.5,345.5
0320,683.5,301.5
0321,670.5,358.5
0321,732.5,349.5
0321,590.5,360.5
0321,813.5,343.5
0321,609.5,417.5
0321,692.5,450.5
0321,703.5,243.5
0321,684.5,393.5
0321,604.5,318.5
0321,686.5,301.5
0321,618.5,372.5
0321,750.5,408.5
0321,752.5,283.5
0321,793.5,393.5
0321,614.5,347.5
0322,616.5,346.5
0322,590.5,361.5
0322,813.5,344.5
0322,604.5,318.5
0322,607.5,419.5
0322,684.5,300.5
0322,685.5,391.5
0322,695.5,450.5
0322,703.5,247.5
0322,672.5,356.5
0322,793.5,394.5
0322,620.5,372.5
0322,751.5,284.5
0322,731.5,348.5
0322,746.5,409.5
0323,695.5,451.5
0323,669.5,356.5
0323,587.5,360.5
0323,621.5,374.5
0323,816.5,341.5
0323,616.5,344.5
0323,686.5,299.5
0323,751.5,282.5
0323,733.5,348.5
0323,609.5,417.5
0323,686.5,392.5
0323,604.5,318.5
0323,793.5,393.5
0323,705.5,244.5
0323,746.5,409.5
